2.460E+000
4.932E+001
7.013E+001
5.904E+000
6.373E+001
7.017E+001
-4.830E+000
2.998E+001
5.267E+001
3.430E+001
2.600E+001
6.867E+000
8.198E+001
-2.241E+000
-6.780E-001
3.254E+001
4.086E+001
3.994E+001
4.557E+000
6.759E+001
8.982E+000
5.577E+001
6.826E+001
7.978E+001
-1.745E+001
-3.075E+001
3.749E+001
2.389E+001
-7.623E+000
3.295E+001
1.327E+002
1.234E+002
4.140E+001
1.496E+002
6.139E+001
8.065E+001
8.060E+001
9.126E+001
-1.374E+001
5.426E+001
1.071E+002
1.868E+002
4.185E+002
1.233E+002
1.308E+002
1.674E+002
-2.046E+001
1.708E+002
2.192E+002
1.422E+002
1.340E+002
2.562E+001
1.287E+002
-7.280E+001
-3.198E+001
4.659E+001
-1.822E+002
-1.478E+002
-3.280E+002
-4.127E+002
-3.391E+002
-2.749E+002
6.990E-001
2.650E+001
-3.342E+001
5.607E+001
7.850E+001
2.000E+002
2.944E+002
1.848E+001
-2.994E+002
-3.989E+002
-9.138E+001
1.125E+002
-6.978E+001
-2.297E+002
-2.056E+002
-2.841E+001
-1.981E+001
-1.344E+002
-1.926E+001
3.152E+002
3.024E+002
2.157E+002
2.129E+002
-4.850E+001
-1.402E+002
1.002E+002
5.096E+001
-1.239E+002
-2.229E+002
-4.135E+002
-4.896E+002
-4.516E+002
-2.243E+002
-3.242E+002
-5.565E+002
-6.437E+002
-8.418E+002
-1.172E+003
-1.468E+003
-1.352E+003
-9.942E+002
-1.092E+003
-1.202E+003
-1.220E+003
-1.249E+003
-1.158E+003
-7.863E+002
1.352E+002
1.525E+003
2.576E+003
2.886E+003
1.559E+003
-8.960E+002
-2.748E+003
-3.573E+003
-3.442E+003
-2.649E+003
-2.033E+003
-1.027E+003
5.573E+002
1.674E+003
1.872E+003
1.732E+003
1.588E+003
1.677E+003
2.146E+003
2.786E+003
3.116E+003
2.597E+003
1.942E+003
1.305E+003
3.500E+002
-8.894E+002
-1.960E+003
-1.946E+003
-6.334E+002
1.126E+003
2.673E+003
3.779E+003
3.507E+003
2.472E+003
2.404E+003
2.788E+003
2.627E+003
1.974E+003
1.411E+003
1.130E+003
7.900E+002
3.773E+002
-8.168E+001
-5.692E+002
-1.131E+003
-1.674E+003
-2.153E+003
-2.487E+003
-2.741E+003
-2.953E+003
-2.396E+003
-8.798E+002
2.357E+002
3.177E+002
-4.708E+002
-1.274E+003
-1.614E+003
-1.767E+003
-2.042E+003
-2.315E+003
-2.707E+003
-2.832E+003
-1.978E+003
-1.105E+003
-1.082E+003
-1.821E+003
-2.078E+003
-1.274E+003
-7.546E+001
5.466E+002
8.466E+002
1.252E+003
1.618E+003
1.721E+003
2.064E+003
2.805E+003
2.978E+003
2.252E+003
1.299E+003
7.474E+002
6.364E+002
6.296E+002
6.183E+002
8.474E+002
1.351E+003
1.620E+003
1.375E+003
1.044E+003
1.131E+003
1.068E+003
9.416E+002
8.450E+002
4.274E+002
-2.330E+002
-7.559E+002
-9.872E+002
-9.606E+002
-1.051E+003
-1.468E+003
-2.065E+003
-2.412E+003
-2.355E+003
-2.032E+003
-1.697E+003
-1.542E+003
-1.221E+003
-6.807E+002
-2.337E+002
-8.820E-001
1.909E+001
-1.577E+002
-2.847E+002
-2.189E+002
1.136E+002
2.830E+002
2.281E+002
3.415E+002
5.645E+002
7.959E+002
9.255E+002
7.605E+002
1.594E+002
-8.123E+002
-1.897E+003
-2.452E+003
-2.166E+003
-1.751E+003
-1.248E+003
-1.454E+002
1.097E+003
2.222E+003
2.515E+003
2.308E+003
2.442E+003
2.512E+003
1.821E+003
1.064E+003
1.079E+003
1.295E+003
1.320E+003
1.325E+003
1.413E+003
1.571E+003
1.680E+003
1.764E+003
1.837E+003
1.656E+003
1.310E+003
1.207E+003
1.275E+003
1.198E+003
1.007E+003
8.794E+002
6.867E+002
3.907E+002
8.075E+001
-1.211E+002
-2.377E+002
-3.177E+002
-4.943E+002
-6.927E+002
-7.356E+002
-6.682E+002
-7.239E+002
-9.800E+002
-1.212E+003
-1.353E+003
-1.502E+003
-1.694E+003
-1.855E+003
-2.003E+003
-2.147E+003
-2.312E+003
-2.543E+003
-2.771E+003
-2.790E+003
-2.523E+003
-2.301E+003
-2.365E+003
-2.574E+003
-2.657E+003
-2.582E+003
-2.368E+003
-2.028E+003
-1.898E+003
-2.097E+003
-2.466E+003
-2.657E+003
-2.359E+003
-1.704E+003
-1.217E+003
-8.511E+002
-3.263E+002
1.695E+002
4.609E+002
6.530E+002
8.547E+002
1.091E+003
1.351E+003
1.635E+003
1.935E+003
2.071E+003
2.060E+003
2.030E+003
2.159E+003
2.374E+003
2.415E+003
2.220E+003
2.000E+003
1.863E+003
1.678E+003
1.420E+003
1.189E+003
1.133E+003
1.200E+003
1.185E+003
1.079E+003
9.625E+002
9.025E+002
9.045E+002
9.814E+002
1.150E+003
1.214E+003
9.154E+002
4.697E+002
1.634E+002
2.756E+001
-3.939E+001
-1.394E+002
-3.270E+002
-4.496E+002
-4.051E+002
-4.177E+002
-5.815E+002
-7.119E+002
-8.016E+002
-9.373E+002
-1.129E+003
-1.243E+003
-1.155E+003
-8.402E+002
-3.850E+002
-2.159E+001
1.688E+002
1.842E+002
1.540E+002
3.484E+002
7.331E+002
1.314E+003
2.298E+003
3.135E+003
3.560E+003
3.426E+003
2.676E+003
1.767E+003
1.035E+003
6.079E+002
3.112E+002
1.719E+000
-2.081E+002
-2.088E+002
-1.058E+002
3.348E+001
3.322E+002
7.210E+002
9.392E+002
9.034E+002
7.943E+002
8.535E+002
9.835E+002
7.297E+002
1.917E+002
-2.344E+002
-4.424E+002
-4.826E+002
-5.011E+002
-5.639E+002
-5.990E+002
-5.460E+002
-5.881E+002
-8.303E+002
-1.149E+003
-1.346E+003
-1.536E+003
-1.902E+003
-2.445E+003
-3.093E+003
-3.489E+003
-3.436E+003
-2.763E+003
-1.781E+003
-1.066E+003
-9.125E+002
-1.145E+003
-1.299E+003
-1.130E+003
-7.743E+002
-4.282E+002
-2.641E+002
-2.532E+002
-2.748E+002
-2.237E+002
5.526E+000
2.400E+002
3.109E+002
2.584E+002
2.279E+002
2.995E+002
4.144E+002
5.378E+002
6.005E+002
6.222E+002
6.543E+002
6.488E+002
6.394E+002
6.213E+002
5.418E+002
4.621E+002
3.614E+002
2.316E+002
1.385E+002
-8.400E-002
-6.711E+001
-8.226E+001
-1.034E+002
-6.389E+001
-1.903E+001
-3.680E+001
-1.545E+002
-3.085E+002
-3.960E+002
-4.800E+002
-5.410E+002
-5.084E+002
-3.593E+002
-9.310E+001
9.639E+001
1.503E+002
1.601E+002
1.730E+002
2.881E+002
3.603E+002
2.633E+002
1.097E+002
3.734E+001
1.106E+002
1.630E+002
8.480E+001
4.105E+001
1.254E+002
2.395E+002
2.045E+002
7.910E+001
6.767E+001
1.272E+002
8.691E+001
2.706E+000
-8.052E+001
-1.819E+002
-2.874E+002
-2.494E+002
-1.687E+002
-2.128E+002
-3.600E+002
-3.534E+002
-9.474E+001
1.720E+002
3.155E+002
3.222E+002
3.175E+002
4.101E+002
5.935E+002
7.681E+002
8.044E+002
6.420E+002
4.788E+002
5.115E+002
6.326E+002
5.832E+002
4.124E+002
4.150E+002
5.400E+002
5.525E+002
4.322E+002
3.292E+002
2.645E+002
2.494E+002
3.426E+002
4.132E+002
4.001E+002
4.651E+002
5.834E+002
6.772E+002
6.852E+002
7.351E+002
8.177E+002
8.564E+002
9.782E+002
1.122E+003
9.698E+002
6.709E+002
3.020E+002
3.482E+001
-5.015E+001
-4.609E+001
-1.583E+002
-3.825E+002
-4.752E+002
-3.825E+002
-4.242E+002
-6.667E+002
-9.629E+002
-1.138E+003
-1.288E+003
-1.528E+003
-1.816E+003
-1.956E+003
-1.698E+003
-1.138E+003
-7.160E+002
-6.026E+002
-5.490E+002
-3.673E+002
-9.899E+001
6.199E+001
5.630E+001
-4.091E+001
-8.718E+001
-3.055E+001
2.693E+001
-1.981E+001
-1.511E+002
-2.015E+002
-2.409E+002
-3.682E+002
-5.123E+002
-5.533E+002
-5.242E+002
-5.208E+002
-5.145E+002
-4.718E+002
-4.317E+002
-4.423E+002
-4.873E+002
-5.424E+002
-5.743E+002
-5.707E+002
-4.830E+002
-2.917E+002
-9.448E+001
2.088E+001
7.894E+001
1.233E+002
1.727E+002
2.224E+002
2.553E+002
2.795E+002
2.904E+002
2.661E+002
2.821E+002
3.895E+002
5.089E+002
4.735E+002
3.843E+002
5.220E+002
8.364E+002
1.042E+003
9.860E+002
8.035E+002
6.621E+002
4.339E+002
1.414E+002
-5.288E+001
-5.018E+001
7.636E+001
2.028E+002
2.924E+002
4.118E+002
5.068E+002
4.527E+002
3.692E+002
3.800E+002
3.747E+002
2.986E+002
2.640E+002
2.959E+002
3.002E+002
2.508E+002
2.261E+002
2.334E+002
2.121E+002
1.404E+002
1.955E+001
-5.095E+001
-6.106E+001
-1.091E+002
-2.363E+002
-3.565E+002
-4.457E+002
-6.272E+002
-9.079E+002
-1.194E+003
-1.407E+003
-1.472E+003
-1.301E+003
-8.706E+002
-4.433E+002
-2.328E+002
-1.449E+002
-1.061E+001
1.661E+002
3.044E+002
4.158E+002
4.638E+002
4.134E+002
3.435E+002
2.791E+002
1.805E+002
3.905E+001
-1.986E+001
5.944E+001
1.551E+002
2.009E+002
2.542E+002
3.646E+002
5.291E+002
7.138E+002
8.517E+002
8.040E+002
5.284E+002
1.979E+002
-5.724E+001
-1.969E+002
-2.399E+002
-2.603E+002
-2.565E+002
-1.970E+002
-1.546E+002
-1.262E+002
-2.615E+001
1.735E+002
2.939E+002
2.758E+002
2.425E+002
2.485E+002
2.428E+002
1.957E+002
1.259E+002
7.908E+001
4.528E+001
4.871E+001
6.994E+001
4.776E+001
-2.494E+001
-8.406E+001
-1.090E+002
-1.133E+002
-1.439E+002
-1.990E+002
-1.847E+002
-8.772E+000
2.067E+002
2.124E+002
1.275E+002
1.741E+002
2.795E+002
3.967E+002
5.026E+002
5.282E+002
4.741E+002
3.439E+002
1.682E+002
7.428E+000
-9.515E+001
-1.364E+002
-1.291E+002
-8.353E+001
-3.626E+001
1.233E+001
4.123E+001
1.830E+001
-4.715E+001
-8.788E+001
-5.685E+001
-9.222E+000
3.565E+001
3.699E+001
-4.509E+000
-2.414E+001
-1.798E+001
-3.947E+001
-1.385E+002
-2.719E+002
-3.721E+002
-4.762E+002
-6.333E+002
-7.909E+002
-9.111E+002
-9.874E+002
-1.079E+003
-1.136E+003
-1.039E+003
-7.983E+002
-5.137E+002
-3.631E+002
-3.383E+002
-3.142E+002
-2.338E+002
-1.394E+002
-8.553E+001
-8.054E+001
-1.042E+002
-1.046E+002
-8.876E+001
-7.506E+001
-7.998E+001
-1.266E+002
-1.584E+002
-1.005E+002
-4.731E+000
2.048E+001
1.023E+001
5.159E+001
1.503E+002
2.029E+002
2.076E+002
2.182E+002
2.782E+002
3.421E+002
3.904E+002
4.437E+002
4.950E+002
5.502E+002
5.816E+002
5.283E+002
4.108E+002
3.251E+002
2.845E+002
2.325E+002
1.652E+002
9.653E+001
6.548E+001
8.471E+001
9.274E+001
1.166E+002
1.744E+002
2.016E+002
1.888E+002
2.012E+002
2.887E+002
3.395E+002
2.618E+002
1.105E+002
4.200E-002
-4.248E+001
-7.720E+001
-1.239E+002
-1.455E+002
-1.333E+002
-1.001E+002
-6.331E+001
1.920E+001
1.373E+002
2.053E+002
1.640E+002
8.835E+001
7.194E+001
1.042E+002
1.050E+002
8.136E+001
9.492E+001
1.362E+002
1.494E+002
1.277E+002
1.148E+002
1.394E+002
1.514E+002
1.124E+002
8.862E+001
1.259E+002
1.904E+002
2.307E+002
2.297E+002
2.486E+002
3.575E+002
4.595E+002
4.088E+002
2.663E+002
1.728E+002
1.368E+002
8.375E+001
1.565E+001
-1.194E+001
-1.733E+001
-3.642E+001
-3.977E+001
-9.489E+000
5.030E+001
1.299E+002
1.792E+002
1.548E+002
1.113E+002
1.214E+002
1.473E+002
1.115E+002
3.044E+001
-4.373E+001
-9.739E+001
-1.245E+002
-1.283E+002
-1.378E+002
-1.595E+002
-1.752E+002
-1.739E+002
-1.942E+002
-2.487E+002
-3.200E+002
-3.988E+002
-4.775E+002
-5.719E+002
-6.498E+002
-6.742E+002
-6.556E+002
-6.304E+002
-6.112E+002
-5.811E+002
-5.048E+002
-4.118E+002
-3.679E+002
-3.907E+002
-3.908E+002
-3.319E+002
-2.707E+002
-2.637E+002
-2.606E+002
-1.804E+002
-6.196E+001
-3.900E-001
-6.990E-001
1.683E+001
1.030E+002
1.863E+002
2.131E+002
2.212E+002
2.417E+002
2.662E+002
2.734E+002
2.863E+002
2.955E+002
2.465E+002
2.186E+002
2.499E+002
2.649E+002
2.603E+002
2.806E+002
2.984E+002
2.869E+002
2.772E+002
3.181E+002
3.598E+002
3.394E+002
2.869E+002
2.293E+002
1.659E+002
7.723E+001
-1.057E+001
-4.459E+001
-5.362E+001
-9.854E+001
-1.467E+002
-1.481E+002
-1.359E+002
-1.644E+002
-2.018E+002
-1.905E+002
-1.569E+002
-1.443E+002
-1.425E+002
-1.130E+002
-8.455E+001
-8.507E+001
-7.960E+001
-2.987E+001
5.697E+000
-1.318E+001
-1.140E+001
5.172E+001
1.137E+002
1.359E+002
1.455E+002
1.739E+002
2.004E+002
1.877E+002
1.589E+002
1.517E+002
1.343E+002
9.843E+001
9.222E+001
1.044E+002
1.038E+002
1.127E+002
1.326E+002
1.323E+002
1.373E+002
1.942E+002
2.307E+002
1.993E+002
1.945E+002
2.316E+002
2.377E+002
1.907E+002
1.332E+002
5.678E+001
-3.809E+001
-1.093E+002
-1.317E+002
-1.277E+002
-1.185E+002
-7.145E+001
-1.370E+001
-1.713E+001
-6.309E+001
-6.954E+001
-3.078E+001
-2.976E+000
-1.597E+001
-1.241E+001
3.176E+001
6.621E+001
3.551E+001
-1.549E+001
-1.182E+001
-6.531E+000
-5.166E+001
-9.725E+001
-9.768E+001
-7.299E+001
-8.840E+001
-1.186E+002
-1.279E+002
-1.383E+002
-1.646E+002
-1.905E+002
-2.015E+002
-2.236E+002
-2.855E+002
-3.664E+002
-4.360E+002
-4.771E+002
-5.166E+002
-5.692E+002
-5.913E+002
-5.436E+002
-4.441E+002
-3.838E+002
-3.630E+002
-3.050E+002
-2.186E+002
-1.409E+002
-8.583E+001
-4.569E+001
-3.194E+001
-3.927E+001
-3.577E+001
-2.013E+001
-7.995E+000
-1.470E+000
1.686E+001
5.659E+001
9.853E+001
1.175E+002
1.095E+002
1.148E+002
1.532E+002
2.137E+002
2.716E+002
3.247E+002
4.029E+002
5.103E+002
6.371E+002
7.439E+002
7.726E+002
7.136E+002
6.297E+002
5.560E+002
4.861E+002
4.260E+002
3.843E+002
3.344E+002
2.398E+002
1.541E+002
1.234E+002
1.122E+002
9.849E+001
7.938E+001
6.999E+001
6.588E+001
6.001E+001
6.736E+001
5.502E+001
2.759E+001
9.807E+000
1.440E+001
1.554E+001
-6.555E+000
-2.042E+001
-2.300E+001
-3.148E+001
-6.902E+001
-1.080E+002
-1.518E+002
-2.106E+002
-2.662E+002
-2.941E+002
-3.009E+002
-3.215E+002
-3.554E+002
-3.704E+002
-3.635E+002
-3.549E+002
-3.590E+002
-3.622E+002
-3.511E+002
-3.326E+002
-3.129E+002
-2.988E+002
-2.773E+002
-2.422E+002
-2.272E+002
-2.121E+002
-1.692E+002
-1.360E+002
-1.278E+002
-1.135E+002
-7.575E+001
-3.539E+001
-2.545E+001
-2.733E+001
-1.331E+001
1.135E+001
1.757E+001
9.450E-001
-6.597E+000
2.748E+000
1.225E+001
2.368E+001
2.851E+001
3.260E+001
4.229E+001
5.210E+001
5.726E+001
5.327E+001
4.927E+001
6.175E+001
8.126E+001
8.753E+001
9.714E+001
1.158E+002
1.250E+002
1.190E+002
1.252E+002
1.515E+002
1.705E+002
1.673E+002
1.518E+002
1.491E+002
1.554E+002
1.277E+002
8.877E+001
7.890E+001
8.558E+001
6.825E+001
5.129E+001
4.550E+001
4.894E+001
5.545E+001
6.681E+001
7.089E+001
6.697E+001
7.114E+001
7.812E+001
7.217E+001
5.363E+001
3.747E+001
2.541E+001
1.739E+001
8.157E+000
-6.837E+000
-2.700E-002
2.845E+001
5.312E+001
6.097E+001
7.508E+001
1.051E+002
1.179E+002
1.067E+002
1.090E+002
1.277E+002
1.266E+002
1.026E+002
8.986E+001
8.947E+001
7.735E+001
5.704E+001
6.470E+001
7.562E+001
7.609E+001
9.351E+001
1.255E+002
1.458E+002
1.540E+002
1.699E+002
1.874E+002
1.838E+002
1.583E+002
1.269E+002
9.811E+001
6.752E+001
2.209E+001
-1.891E+001
-6.412E+001
-1.190E+002
-1.424E+002
-1.399E+002
-1.440E+002
-1.572E+002
-1.543E+002
-1.379E+002
-1.300E+002
-1.298E+002
-1.245E+002
-1.289E+002
-1.465E+002
-1.588E+002
-1.501E+002
-1.455E+002
-1.578E+002
-1.708E+002
-1.727E+002
-1.695E+002
-1.768E+002
-2.052E+002
-2.276E+002
-2.168E+002
-1.942E+002
-1.937E+002
-1.971E+002
-1.745E+002
-1.388E+002
-1.225E+002
-1.347E+002
-1.518E+002
-1.458E+002
-1.348E+002
-1.434E+002
-1.718E+002
-1.881E+002
-1.884E+002
-1.883E+002
-1.887E+002
-1.665E+002
-1.325E+002
-1.067E+002
-7.062E+001
-2.889E+001
1.509E+000
1.534E+001
3.409E+001
5.528E+001
6.746E+001
6.843E+001
5.721E+001
3.890E+001
2.645E+001
3.651E+001
5.204E+001
5.398E+001
5.245E+001
7.485E+001
1.119E+002
1.321E+002
1.462E+002
1.807E+002
2.240E+002
2.415E+002
2.301E+002
2.036E+002
1.719E+002
1.409E+002
1.170E+002
8.553E+001
5.966E+001
5.987E+001
7.200E+001
7.550E+001
6.176E+001
4.764E+001
5.721E+001
7.756E+001
8.436E+001
8.035E+001
8.431E+001
8.483E+001
7.221E+001
4.412E+001
2.200E+001
1.526E+001
2.472E+001
4.152E+001
6.222E+001
7.271E+001
7.967E+001
1.049E+002
1.284E+002
1.283E+002
1.215E+002
1.198E+002
1.198E+002
1.051E+002
7.903E+001
6.385E+001
5.792E+001
5.662E+001
5.089E+001
3.317E+001
1.869E+001
2.095E+001
2.593E+001
2.150E+001
2.111E+001
2.519E+001
2.289E+001
7.176E+000
-9.267E+000
-1.708E+001
-2.824E+001
-6.348E+001
-8.665E+001
-8.551E+001
-1.033E+002
-1.294E+002
-1.348E+002
-1.325E+002
-1.440E+002
-1.651E+002
-1.623E+002
-1.479E+002
-1.338E+002
-1.346E+002
-1.426E+002
-1.513E+002
-1.555E+002
-1.483E+002
-1.376E+002
-1.108E+002
-7.365E+001
-3.124E+001
3.849E+000
3.533E+001
6.642E+001
8.324E+001
8.557E+001
9.331E+001
1.041E+002
1.252E+002
1.431E+002
1.468E+002
1.439E+002
1.505E+002
1.641E+002
1.681E+002
1.595E+002
1.484E+002
1.359E+002
1.101E+002
7.730E+001
5.270E+001
3.283E+001
1.021E+001
-1.400E+001
-2.507E+001
-1.808E+001
-1.290E+001
-1.545E+001
-1.523E+001
-5.136E+000
2.991E+000
-1.506E+000
-5.166E+000
8.730E-001
-9.651E+000
-4.865E+001
-7.922E+001
-9.094E+001
-1.164E+002
-1.673E+002
-1.944E+002
-1.795E+002
-1.686E+002
-1.827E+002
-1.845E+002
-1.757E+002
-1.757E+002
-1.696E+002
-1.423E+002
-1.156E+002
-1.058E+002
-9.383E+001
-7.439E+001
-5.135E+001
-4.101E+001
-3.949E+001
-3.379E+001
-1.974E+001
-1.211E+001
-8.124E+000
1.233E+001
4.411E+001
5.754E+001
6.015E+001
7.877E+001
1.017E+002
1.030E+002
1.021E+002
1.254E+002
1.553E+002
1.539E+002
1.412E+002
1.521E+002
1.667E+002
1.595E+002
1.543E+002
1.777E+002
2.104E+002
2.184E+002
1.962E+002
1.597E+002
1.057E+002
4.022E+001
-1.430E+001
-2.981E+001
-2.037E+001
-1.713E+001
-1.399E+001
-6.966E+000
-6.141E+000
-2.972E+001
-5.826E+001
-6.367E+001
-5.926E+001
-7.447E+001
-9.381E+001
-9.232E+001
-9.083E+001
-1.139E+002
-1.394E+002
-1.450E+002
-1.439E+002
-1.603E+002
-1.803E+002
-1.902E+002
-2.011E+002
-2.187E+002
-2.260E+002
-2.137E+002
-1.897E+002
-1.457E+002
-9.398E+001
-4.662E+001
-3.129E+000
4.074E+001
6.884E+001
7.094E+001
7.973E+001
1.017E+002
1.129E+002
1.105E+002
1.142E+002
1.220E+002
1.212E+002
1.161E+002
1.066E+002
9.431E+001
8.284E+001
7.052E+001
6.266E+001
6.015E+001
6.084E+001
5.149E+001
4.988E+001
4.980E+001
4.593E+001
3.482E+001
1.637E+001
-4.080E+000
-2.800E+001
-4.839E+001
-6.683E+001
-7.340E+001
-7.631E+001
-9.173E+001
-1.037E+002
-1.123E+002
-1.213E+002
-1.308E+002
-1.256E+002
-1.116E+002
-9.994E+001
-7.916E+001
-5.164E+001
-1.960E+001
1.257E+001
4.148E+001
6.510E+001
7.626E+001
7.777E+001
7.515E+001
7.844E+001
8.753E+001
8.896E+001
9.477E+001
1.141E+002
1.351E+002
1.395E+002
1.369E+002
1.448E+002
1.481E+002
1.511E+002
1.659E+002
1.873E+002
1.934E+002
1.873E+002
1.872E+002
1.673E+002
1.131E+002
5.336E+001
5.127E+000
-3.477E+001
-6.630E+001
-8.205E+001
-7.267E+001
-5.850E+001
-4.713E+001
-4.013E+001
-3.061E+001
-1.934E+001
-9.942E+000
-1.052E+001
-1.307E+001
-1.252E+001
-1.780E+001
-2.998E+001
-3.268E+001
-2.994E+001
-4.483E+001
-6.746E+001
-7.175E+001
-6.796E+001
-7.104E+001
-7.794E+001
-8.398E+001
-9.002E+001
-1.147E+002
-1.453E+002
-1.525E+002
-1.508E+002
-1.569E+002
-1.475E+002
-1.190E+002
-9.413E+001
-8.777E+001
-7.739E+001
-5.695E+001
-5.510E+001
-6.559E+001
-6.547E+001
-5.344E+001
-4.941E+001
-4.586E+001
-3.271E+001
-7.026E+000
1.073E+001
1.946E+001
2.980E+001
4.675E+001
5.474E+001
5.394E+001
5.306E+001
5.800E+001
5.926E+001
5.643E+001
3.839E+001
9.687E+000
-1.043E+001
-1.620E+001
-1.840E+001
-1.562E+001
9.570E-001
1.661E+001
1.091E+001
2.142E+000
1.105E+001
1.908E+001
2.049E+001
1.740E+001
1.154E+001
-2.400E+000
-1.318E+001
-1.595E+001
-1.681E+001
-2.671E+001
-2.779E+001
5.190E-001
2.442E+001
2.650E+001
3.525E+001
6.389E+001
8.371E+001
8.840E+001
1.025E+002
1.241E+002
1.393E+002
1.539E+002
1.649E+002
1.663E+002
1.692E+002
1.672E+002
1.529E+002
1.479E+002
1.539E+002
1.394E+002
1.151E+002
1.054E+002
9.575E+001
8.152E+001
7.186E+001
7.191E+001
6.445E+001
5.072E+001
3.974E+001
1.668E+001
-1.324E+001
-2.959E+001
-3.857E+001
-6.309E+001
-8.951E+001
-9.360E+001
-9.956E+001
-1.252E+002
-1.420E+002
-1.423E+002
-1.466E+002
-1.506E+002
-1.394E+002
-1.182E+002
-1.071E+002
-1.022E+002
-9.283E+001
-9.175E+001
-1.112E+002
-1.357E+002
-1.489E+002
-1.556E+002
-1.589E+002
-1.437E+002
-1.252E+002
-1.219E+002
-1.152E+002
-9.460E+001
-7.442E+001
-6.121E+001
-4.632E+001
-2.341E+001
-6.090E-001
2.108E+001
3.996E+001
5.285E+001
6.777E+001
8.191E+001
9.245E+001
9.800E+001
1.056E+002
1.127E+002
1.178E+002
1.178E+002
1.151E+002
1.208E+002
1.236E+002
1.183E+002
1.185E+002
1.190E+002
1.091E+002
9.156E+001
7.235E+001
4.821E+001
1.661E+001
-3.084E+000
-7.299E+000
-1.435E+001
-3.361E+001
-4.449E+001
-3.836E+001
-3.076E+001
-2.638E+001
-2.101E+001
-1.344E+001
-1.311E+001
-2.338E+001
-3.799E+001
-4.809E+001
-5.429E+001
-5.464E+001
-5.378E+001
-5.466E+001
-6.417E+001
-7.913E+001
-9.295E+001
-1.037E+002
-1.080E+002
-1.073E+002
-1.012E+002
-9.121E+001
-8.591E+001
-8.337E+001
-7.600E+001
-5.551E+001
-3.557E+001
-2.142E+001
-2.760E-001
2.155E+001
2.805E+001
3.673E+001
5.081E+001
6.589E+001
7.202E+001
7.752E+001
9.482E+001
1.078E+002
1.112E+002
1.168E+002
1.294E+002
1.326E+002
1.247E+002
1.192E+002
1.257E+002
1.279E+002
1.075E+002
7.844E+001
4.142E+001
1.908E+000
-2.517E+001
-3.662E+001
-3.525E+001
-3.170E+001
-2.959E+001
-2.395E+001
-1.672E+001
-9.666E+000
-8.733E+000
-1.581E+001
-2.903E+001
-3.874E+001
-5.033E+001
-6.202E+001
-6.887E+001
-7.503E+001
-8.119E+001
-7.500E+001
-6.210E+001
-5.626E+001
-6.105E+001
-6.378E+001
-6.150E+001
-6.683E+001
-7.713E+001
-8.237E+001
-7.847E+001
-6.561E+001
-4.704E+001
-2.620E+001
-6.213E+000
5.697E+000
1.118E+001
1.761E+001
2.165E+001
2.566E+001
3.463E+001
4.273E+001
4.457E+001
4.777E+001
5.531E+001
6.170E+001
6.165E+001
6.238E+001
6.546E+001
6.594E+001
6.430E+001
6.100E+001
5.377E+001
4.901E+001
4.424E+001
3.830E+001
3.133E+001
2.743E+001
2.246E+001
1.027E+001
-3.033E+000
-7.011E+000
-6.063E+000
-9.000E-001
5.616E+000
1.259E+001
1.463E+001
1.357E+001
5.925E+000
-5.280E+000
-1.537E+001
-2.132E+001
-1.993E+001
-1.226E+001
9.630E+000
2.997E+001
3.751E+001
3.856E+001
4.695E+001
5.241E+001
5.130E+001
4.528E+001
3.687E+001
2.674E+001
3.015E+001
4.540E+001
4.457E+001
3.283E+001
5.213E+001
7.736E+001
7.385E+001
4.255E+001
4.689E+001
6.533E+001
5.494E+001
2.220E+001
3.189E+001
4.661E+001
1.904E+001
-7.512E+000
-2.358E+000
-3.642E+000
-2.515E+001
-3.873E+001
-3.834E+001
-5.059E+001
-5.986E+001
-6.428E+001
-7.753E+001
-8.564E+001
-9.167E+001
-1.023E+002
-1.157E+002
-1.243E+002
-1.262E+002
-1.386E+002
-1.423E+002
-1.400E+002
-1.415E+002
-1.388E+002
-1.295E+002
-1.240E+002
-1.208E+002
-1.150E+002
-1.039E+002
-8.174E+001
-5.677E+001
-2.929E+001
-3.507E+000
1.465E+001
2.904E+001
2.700E+001
3.682E+001
5.769E+001
5.403E+001
4.014E+001
6.352E+001
8.310E+001
6.911E+001
5.817E+001
7.368E+001
8.801E+001
7.845E+001
6.349E+001
7.285E+001
8.550E+001
7.145E+001
4.873E+001
4.142E+001
4.297E+001
3.417E+001
1.687E+001
1.234E+001
1.163E+001
8.442E+000
3.525E+000
-2.760E+000
-1.410E+001
-2.234E+001
-1.906E+001
-2.681E+001
-5.067E+001
-5.049E+001
-3.057E+001
-3.308E+001
-3.977E+001
-1.806E+001
-9.930E-001
-1.234E+001
-1.368E+001
2.082E+000
1.114E+001
1.627E+001
2.863E+001
4.564E+001
5.230E+001
5.767E+001
6.412E+001
6.652E+001
5.755E+001
5.126E+001
5.978E+001
7.052E+001
6.575E+001
5.594E+001
4.527E+001
3.292E+001
2.650E+001
3.362E+001
4.553E+001
4.142E+001
2.271E+001
5.430E-001
-2.021E+001
-4.504E+001
-6.667E+001
-7.010E+001
-6.127E+001
-5.259E+001
-4.976E+001
-4.798E+001
-5.245E+001
-5.267E+001
-3.771E+001
-1.984E+001
-9.489E+000
-2.376E+000
-1.047E+000
-5.832E+000
-2.217E+001
-3.650E+001
-4.517E+001
-4.954E+001
-4.916E+001
-4.352E+001
-2.873E+001
-1.591E+001
-5.526E+000
1.878E+000
1.330E+001
2.266E+001
2.521E+001
3.045E+001
3.094E+001
1.805E+001
3.498E+000
-3.420E+000
3.690E-001
4.953E+000
1.412E+001
2.031E+001
2.701E+001
3.288E+001
3.936E+001
4.145E+001
3.794E+001
3.342E+001
2.351E+001
2.263E+001
2.817E+001
2.688E+001
2.258E+001
1.765E+001
1.538E+001
9.576E+000
1.536E+000
-5.430E-001
4.374E+000
-8.310E-001
-1.618E+001
-2.113E+001
-1.203E+001
-9.156E+000
-1.625E+001
-1.306E+001
-5.586E+000
-6.213E+000
-9.771E+000
-3.351E+000
2.289E+000
3.111E+000
4.965E+000
3.450E+000
-4.140E+000
-1.069E+001
-4.143E+000
-4.302E+000
-1.610E+001
-1.766E+001
-8.919E+000
-7.176E+000
-3.249E+000
7.485E+000
1.486E+001
9.384E+000
4.029E+000
8.001E+000
8.931E+000
6.921E+000
9.108E+000
1.039E+001
4.800E+000
-1.020E+000
-1.155E+001
-2.644E+001
-3.259E+001
-3.102E+001
-3.878E+001
-4.620E+001
-4.996E+001
-4.847E+001
-5.008E+001
-5.274E+001
-4.942E+001
-4.660E+001
-5.067E+001
-4.961E+001
-4.643E+001
-5.327E+001
-5.836E+001
-5.358E+001
-4.610E+001
-4.062E+001
-2.855E+001
-5.751E+000
1.993E+001
3.356E+001
4.420E+001
6.424E+001
8.125E+001
9.416E+001
9.894E+001
9.368E+001
8.233E+001
8.490E+001
8.715E+001
8.009E+001
6.881E+001
6.275E+001
5.538E+001
3.728E+001
2.665E+001
3.039E+001
2.630E+001
1.950E+001
1.636E+001
1.116E+000
-2.019E+001
-3.111E+001
-3.999E+001
-5.379E+001
-6.021E+001
-6.059E+001
-5.920E+001
-5.992E+001
-4.746E+001
-3.056E+001
-1.775E+001
1.389E+000
1.826E+001
2.439E+001
2.446E+001
2.453E+001
2.375E+001
2.197E+001
2.797E+001
4.716E+001
5.828E+001
5.879E+001
5.879E+001
5.903E+001
5.259E+001
4.024E+001
3.338E+001
2.352E+001
1.274E+001
1.040E+001
6.150E+000
-9.693E+000
-1.390E+001
-3.375E+000
-1.941E+000
-9.156E+000
-7.671E+000
-8.076E+000
-9.621E+000
-9.759E+000
-1.554E+001
-1.859E+001
-1.193E+001
-3.885E+000
-8.079E+000
-2.620E+001
-3.976E+001
-5.024E+001
-5.942E+001
-6.495E+001
-6.705E+001
-6.335E+001
-6.297E+001
-6.367E+001
-5.565E+001
-4.578E+001
-3.849E+001
-2.984E+001
-1.684E+001
-6.888E+000
-3.300E+000
-1.629E+000
2.271E+000
4.017E+000
-9.630E-001
-2.412E+000
