-3.759E+001
-1.026E+002
-1.041E+002
-6.314E+001
4.542E+002
2.370E+002
2.077E+001
1.642E+002
-7.276E+001
-3.369E+002
-4.394E+002
-2.380E+002
2.008E+002
1.181E+002
-2.168E+002
-9.719E+001
-9.491E+001
-1.546E+001
8.822E+001
1.546E+002
-7.659E+001
-3.849E+002
-1.738E+002
1.238E+002
-9.132E+000
6.510E+001
3.719E+002
2.978E+002
-2.872E+002
-2.265E+002
2.597E+002
3.830E+002
3.656E+002
4.293E+002
-1.225E+002
-5.652E+002
-3.482E+002
-2.647E+002
7.297E+001
2.975E+002
-1.637E+002
-1.839E+001
-6.945E+001
-3.755E+001
3.711E+002
3.814E+001
-7.686E+001
-2.446E+002
-3.774E+002
6.081E+001
1.449E+002
2.914E+002
-1.333E+001
1.702E+002
6.102E+002
4.356E+002
2.094E+002
1.669E+001
2.510E+002
-2.043E+002
-9.211E+002
-5.172E+002
2.398E+002
3.114E+002
3.953E+002
2.604E+002
-3.613E+002
-6.651E+002
-6.866E+001
-3.321E+002
-8.893E+002
-4.117E+002
3.431E+002
-1.957E+002
-8.200E+002
-3.147E+002
2.583E+002
6.959E+002
2.436E+002
-9.071E+002
-7.464E+002
1.030E+002
2.381E+002
4.942E+002
6.906E+001
-6.736E+002
-4.984E+002
2.642E+002
3.759E+002
2.149E+002
3.216E+002
1.541E+002
-1.439E+002
3.668E+002
1.813E+002
-5.084E+002
-5.378E+001
5.616E+002
-3.877E+002
-8.864E+002
1.631E+001
4.308E+002
3.221E+002
2.945E+002
-2.483E+002
1.847E+001
-2.734E+002
-3.120E+002
8.276E+002
9.132E+002
-1.098E+002
-3.112E+002
8.706E+002
7.020E+002
-6.176E+002
-5.434E+002
5.222E+002
2.346E+002
-1.273E+002
4.709E+002
6.536E+002
-8.175E+000
-4.637E+002
-3.019E+002
2.553E+002
-4.754E+002
-1.403E+003
-9.250E+002
4.138E+002
1.061E+003
5.672E+002
1.031E+002
-1.123E+002
-1.959E+002
4.461E+000
2.936E+001
-4.671E+002
-6.319E+002
-3.825E+002
3.632E+002
1.079E+003
3.814E+002
-5.973E+002
-1.440E+002
6.210E+002
7.280E+002
2.954E+002
1.349E+002
4.559E+002
2.724E+002
8.762E+001
4.778E+002
2.227E+002
-3.413E+002
-5.136E+002
-1.600E+002
-1.042E+002
-1.317E+002
2.710E+002
-7.857E+000
-5.255E+002
-3.753E+002
-1.312E+002
-2.600E+002
-3.103E+002
-1.514E+002
1.398E+002
-1.503E+002
-5.722E+002
1.524E+001
8.466E+002
3.775E+002
-6.791E+002
-1.038E+003
-1.346E+002
-1.842E+002
-1.083E+003
-8.130E+002
5.103E+002
9.804E+002
1.974E+002
-8.503E+002
-1.151E+003
-1.726E+002
1.045E+003
4.857E+002
-9.348E+002
-9.359E+002
1.660E+001
4.725E+002
2.748E+002
-2.501E+002
1.530E+002
3.257E+002
-1.661E+002
-4.262E+002
4.744E+002
1.006E+003
-2.305E+002
-8.572E+002
1.813E+002
7.979E+002
3.811E+002
1.939E+002
4.847E+002
-1.381E+002
-6.374E+002
-3.739E+001
4.838E+002
5.176E+002
1.327E+002
-3.750E+002
-3.644E+002
-4.602E+001
-3.295E+001
1.236E+002
5.350E+002
6.147E+002
-7.089E+001
-7.781E+002
-8.345E+002
-5.939E+002
-1.711E+002
7.173E+002
1.055E+003
2.864E+002
-2.836E+002
1.283E+002
4.804E+002
-1.957E+002
-6.233E+002
1.717E+002
1.226E+003
6.873E+002
-8.564E+002
-1.036E+003
1.437E+002
4.601E+002
9.643E+001
-1.542E+002
-4.392E+002
-5.005E+002
-2.159E+002
-1.391E+002
-2.342E+002
4.395E+002
1.534E+003
1.377E+003
5.548E+002
-1.681E+002
-4.963E+002
-4.719E+002
-3.487E+002
8.577E+000
2.824E+002
-7.791E+001
-3.766E+002
7.209E+000
5.195E+002
5.415E+002
2.816E+002
3.675E+001
-1.076E+002
-1.725E+002
-1.941E+002
-4.005E+002
-7.228E+002
-8.424E+002
-4.391E+002
2.361E+002
5.024E+002
2.989E+002
-5.860E+001
-4.796E+002
-7.651E+002
-5.546E+002
1.811E+002
1.082E+003
1.222E+003
5.264E+002
-3.051E+002
-8.044E+002
-7.593E+002
-5.327E+002
-6.715E+002
-9.957E+002
-9.753E+002
-5.068E+002
2.610E-001
3.681E+002
6.483E+002
3.539E+002
-3.993E+002
-8.108E+002
-7.845E+002
-2.198E+002
3.888E+002
6.233E+002
6.845E+002
7.300E+002
3.693E+002
-4.050E+002
-6.568E+002
1.939E+001
8.053E+002
8.391E+002
2.186E+002
-2.663E+002
-1.233E+002
3.012E+002
4.325E+002
2.348E+002
8.202E+000
1.413E+002
4.646E+002
6.682E+002
5.781E+002
5.273E+002
6.813E+002
8.180E+002
5.964E+002
3.343E+001
-2.124E+002
1.065E+001
3.581E+002
3.993E+002
3.215E+001
-3.403E+002
-3.366E+002
-3.013E+001
9.248E+001
-8.481E+001
-2.282E+002
-1.107E+002
1.800E+002
1.732E+002
-3.496E+002
-5.358E+002
-1.751E+002
5.094E+001
-1.424E+001
-8.412E+001
-3.090E+002
-5.960E+002
-3.912E+002
1.828E+002
4.870E+002
2.321E+002
-1.510E+002
-2.021E+002
-1.390E+002
-6.589E+001
1.966E+002
4.809E+002
1.779E+002
-2.454E+002
-3.021E+002
-9.058E+001
1.658E+002
1.098E+002
-1.320E+002
-1.828E+002
-2.264E+001
9.812E+001
-6.633E+001
-2.813E+002
-4.230E+002
-4.252E+002
-4.533E+002
-6.369E+002
-7.665E+002
-5.933E+002
-6.478E+001
3.032E+002
1.233E+002
-3.562E+002
-6.037E+002
-3.096E+002
2.363E+002
3.606E+002
7.023E+001
-2.480E+002
-3.651E+002
-4.280E+001
5.544E+002
6.209E+002
-1.888E+002
-1.070E+003
-7.760E+002
3.242E+002
9.489E+002
5.534E+002
1.317E+001
-1.626E+002
-2.746E+002
-2.358E+002
-1.750E+002
-1.781E+002
-1.963E+002
-1.956E+002
-1.185E+002
4.807E+001
1.876E+002
3.524E+002
5.051E+002
3.703E+002
-1.408E+002
-5.412E+002
-1.819E+002
5.694E+002
7.502E+002
3.176E+002
-1.595E+002
-2.912E+002
-1.165E+002
1.563E+002
2.415E+002
8.134E+001
-4.548E+001
-6.014E+001
1.221E+002
2.734E+002
2.636E+002
3.015E+002
4.506E+002
4.666E+002
3.814E+002
2.380E+002
2.127E+002
2.554E+002
1.074E+002
-3.313E+001
-6.289E+001
-2.776E+001
3.005E+001
1.968E+001
4.080E+000
-1.138E+002
-2.850E+002
-4.311E+002
-3.829E+002
-1.827E+000
3.405E+002
2.023E+002
-2.389E+002
-6.363E+002
-3.552E+002
4.156E+002
6.061E+002
2.505E+002
2.099E+002
3.067E+002
-2.181E+002
-9.122E+002
-7.139E+002
2.230E+002
7.561E+002
1.784E+002
-6.963E+002
-7.910E+002
-2.134E+002
2.299E+002
2.215E+002
-2.700E+002
-6.897E+002
-5.351E+002
3.563E+002
1.023E+003
5.711E+002
-5.164E+002
-9.744E+002
-4.399E+002
3.425E+002
4.932E+002
-1.061E+002
-3.979E+002
2.691E+000
5.944E+002
5.945E+002
2.330E+001
-3.342E+002
-6.278E+001
3.269E+002
9.911E+001
-4.483E+002
-3.450E+002
5.517E+002
1.138E+003
6.813E+002
-1.829E+002
-5.566E+002
-1.900E+002
5.386E+002
9.320E+002
4.634E+002
-2.206E+002
-2.501E+002
1.462E+002
2.766E+002
1.397E+002
1.782E+000
-1.405E+002
-4.263E+002
-6.058E+002
-6.429E+002
-6.099E+002
-2.618E+002
1.602E+002
1.407E+002
-1.346E+002
-2.998E+002
-2.871E+002
-4.493E+002
-5.920E+002
-2.244E+002
2.616E+002
2.960E+002
-9.777E+001
-2.898E+002
-5.732E+001
1.250E+002
-2.256E+000
-2.044E+002
-1.568E+002
1.269E+002
3.878E+002
2.176E+002
-3.244E+002
-6.146E+002
-9.556E+001
5.800E+002
5.891E+002
1.339E+002
-1.005E+002
4.142E+001
1.039E+002
-1.684E+002
-5.108E+002
-4.089E+002
-1.764E+000
1.424E+002
5.067E+001
6.097E+001
1.618E+002
-2.217E+000
-3.324E+002
-3.865E+002
-1.873E+001
4.050E+002
4.187E+002
9.756E+001
-1.342E+002
-7.782E+001
1.753E+001
-1.236E+002
-3.384E+002
-2.762E+002
2.429E+001
2.071E+002
1.465E+002
2.861E+001
6.000E+000
-2.704E+001
-1.630E+002
-2.519E+002
-4.267E+001
3.159E+002
2.591E+002
-2.210E+002
-4.023E+002
4.421E+001
3.753E+002
9.306E+001
-2.527E+002
-1.519E+002
2.428E+002
4.134E+002
2.428E+002
7.905E+001
3.178E+002
6.479E+002
5.474E+002
2.242E+002
5.869E+001
-7.470E-001
-4.896E+001
1.128E+002
4.434E+002
4.125E+002
2.481E+001
-5.030E+001
2.774E+002
3.668E+002
9.633E+000
-2.687E+002
-1.311E+002
2.169E+002
5.068E+002
5.279E+002
4.332E+002
1.848E+002
-2.443E+002
-4.874E+002
-3.017E+002
5.243E+001
1.728E+002
1.387E+002
1.473E+002
2.144E+002
2.044E+002
2.217E+001
-1.212E+002
-1.203E+002
-2.015E+002
-2.855E+002
-1.082E+002
2.302E+002
3.993E+002
2.017E+002
-3.321E+002
-6.503E+002
-4.173E+002
5.851E+001
1.431E+002
-2.424E+002
-6.075E+002
-6.475E+002
-5.008E+002
-3.867E+002
-3.477E+002
-3.229E+002
-1.985E+002
-1.424E+001
7.663E+001
9.373E+001
9.137E+001
9.027E+001
9.005E+001
7.836E+001
1.474E+002
2.443E+002
2.632E+002
1.205E+002
-2.545E+002
-6.163E+002
-7.655E+002
-6.764E+002
-5.306E+002
-3.872E+002
-1.803E+002
-5.341E+001
2.078E+001
7.348E+001
-5.989E+001
-2.772E+002
-4.028E+002
-3.203E+002
-9.256E+001
2.310E+001
-6.839E+001
-9.997E+001
7.452E+001
3.113E+002
2.938E+002
3.369E+001
-1.494E+002
-1.181E+002
1.242E+001
1.358E+002
1.575E+002
1.845E+001
-1.427E+002
-1.020E+002
8.692E+001
3.006E+002
5.132E+002
5.781E+002
4.906E+002
3.585E+002
2.936E+002
2.679E+002
2.376E+002
1.440E+002
-1.145E+002
-2.928E+002
-1.574E+002
1.773E+002
2.005E+002
-9.420E-001
-6.431E+001
1.160E+002
3.229E+002
2.924E+002
6.192E+001
3.002E+001
2.175E+002
3.444E+002
2.665E+002
1.920E+002
2.360E+002
2.684E+002
2.371E+002
2.608E+002
2.924E+002
3.124E+002
2.198E+002
2.610E-001
-2.124E+002
-2.177E+002
4.844E+001
2.108E+002
5.664E+001
-2.025E+002
-2.768E+002
-3.017E+001
3.264E+002
4.451E+002
2.597E+002
5.230E+001
1.146E+001
1.346E+002
2.375E+002
9.709E+001
-1.079E+002
-1.351E+002
-5.513E+001
-1.233E+002
-2.646E+002
-2.615E+002
-1.606E+002
-1.970E+002
-2.904E+002
-2.402E+002
-6.852E+001
-2.331E+001
-2.005E+002
-3.795E+002
-3.850E+002
-2.164E+002
-1.221E+002
-2.363E+002
-3.831E+002
-3.898E+002
-2.807E+002
-1.342E+002
-1.308E+000
4.074E+000
-1.070E+002
-2.731E+002
-4.326E+002
-3.369E+002
-1.331E+002
-1.164E+002
-2.055E+002
-1.463E+002
3.643E+001
3.373E+001
-7.528E+001
-6.508E+001
6.379E+001
1.293E+002
9.972E+000
-1.327E+002
-4.582E+001
1.390E+002
1.036E+002
-1.602E+002
-2.678E+002
-1.043E+002
2.975E+001
-3.849E+001
-1.597E+002
-9.693E+001
1.346E+002
2.938E+002
3.193E+002
2.965E+002
2.034E+002
3.372E+001
-6.097E+001
3.682E+001
1.906E+002
1.333E+002
-9.889E+001
-1.850E+002
7.707E+000
2.692E+002
3.170E+002
8.405E+001
-6.575E+001
8.811E+001
2.675E+002
1.789E+002
5.337E+000
3.151E+001
1.920E+002
2.488E+002
2.114E+002
2.186E+002
2.441E+002
1.500E+002
-3.221E+001
-5.894E+001
8.477E+001
1.707E+002
3.392E+001
-1.658E+002
-1.430E+002
1.204E+002
3.144E+002
2.177E+002
8.571E+000
-8.154E+001
-4.170E-001
1.476E+002
1.683E+002
-9.132E+000
-1.842E+002
-1.616E+002
2.772E+000
7.355E+001
-3.514E+001
-1.805E+002
-1.933E+002
-6.907E+001
9.198E+000
-3.452E+001
-1.053E+002
-1.378E+002
-1.242E+002
-8.204E+001
-7.214E+001
-6.344E+001
-9.546E+000
2.313E+000
-7.746E+001
-1.696E+002
-6.830E+001
1.737E+002
1.957E+002
-7.843E+001
-2.634E+002
-1.652E+002
-1.099E+001
-5.186E+001
-1.620E+002
-1.104E+002
9.588E+000
2.078E+001
8.943E+000
2.007E+001
5.778E+000
5.126E+001
1.635E+002
1.779E+002
-2.070E+001
-1.362E+002
5.822E+001
2.722E+002
1.807E+002
-8.212E+001
-1.517E+002
-1.010E+001
1.117E+002
8.876E+001
-6.140E+001
-2.119E+002
-1.536E+002
5.931E+001
1.313E+002
7.608E+000
-3.999E+001
1.196E+002
2.108E+002
5.005E+001
-6.971E+001
9.038E+001
2.310E+002
7.478E+001
-1.893E+002
-2.319E+002
-2.368E+001
1.302E+002
3.643E+001
-1.677E+002
-2.900E+002
-2.187E+002
1.381E+001
1.395E+002
-2.255E+001
-2.663E+002
-3.132E+002
-1.393E+002
-6.219E+000
-6.457E+001
-1.846E+002
-2.082E+002
-1.199E+002
-4.555E+001
3.801E+000
8.348E+001
1.191E+002
1.152E+001
-9.963E+001
-4.291E+001
1.352E+002
2.096E+002
3.548E+001
-1.768E+002
-1.389E+002
1.024E+002
1.758E+002
3.407E+001
-3.942E+001
1.002E+001
6.175E+001
7.329E+001
7.277E+001
7.213E+001
1.029E+002
2.353E+002
3.582E+002
3.009E+002
1.223E+002
3.986E+001
8.313E+001
6.827E+001
-3.462E+000
5.327E+001
2.436E+002
3.147E+002
1.449E+002
-4.160E+001
-5.085E+000
1.237E+002
1.055E+002
2.216E+001
4.136E+001
7.853E+001
-5.574E+000
-9.289E+001
-6.696E+001
2.411E+001
2.923E+001
-2.502E+001
-4.045E+001
-6.356E+001
-1.273E+002
-1.457E+002
-7.280E+001
6.060E+001
5.535E+001
-1.196E+002
-2.104E+002
-6.340E+001
1.664E+002
1.602E+002
-1.006E+002
-3.027E+002
-2.334E+002
-4.892E+001
-1.547E+001
-9.329E+001
-1.255E+002
-8.784E+001
-4.726E+001
-6.759E+001
-9.466E+001
-7.928E+001
-4.702E+001
-6.947E+001
-1.398E+002
-1.547E+002
-6.244E+001
4.611E+001
6.214E+001
-3.285E+001
-1.481E+002
-1.616E+002
-8.687E+001
-5.538E+001
-1.172E+002
-1.643E+002
-1.263E+002
-3.833E+001
2.776E+001
1.367E+001
-1.108E+001
7.972E+001
2.160E+002
2.408E+002
1.393E+002
3.760E+001
7.278E+001
1.583E+002
8.892E+001
-1.313E+002
-2.709E+002
-1.832E+002
-2.622E+000
1.048E+001
-1.282E+002
-1.969E+002
-8.951E+001
9.739E+001
1.650E+002
1.009E+002
5.028E+001
7.514E+001
1.076E+002
6.921E+001
9.360E-001
-3.768E+001
-3.569E+001
-7.002E+000
5.488E+001
8.534E+001
1.950E+001
-3.513E+001
4.431E+000
9.283E+001
1.215E+002
8.023E+001
5.801E+001
9.132E+001
1.191E+002
9.413E+001
7.527E+001
1.179E+002
1.930E+002
2.231E+002
1.680E+002
1.151E+002
9.840E+001
6.312E+001
6.159E+000
3.467E+001
6.402E+001
3.672E+000
-5.633E+001
-1.708E+001
6.680E+001
7.270E+001
7.581E+000
-1.881E+000
6.497E+001
8.354E+001
8.073E+000
-6.399E+001
-5.494E+001
-1.193E+001
4.500E-002
-3.496E+001
-9.953E+001
-1.193E+002
-6.370E+001
1.611E+001
4.954E+001
1.539E+001
-3.768E+001
-5.937E+001
-3.361E+001
1.598E+001
1.589E+001
-6.595E+001
-1.252E+002
-5.734E+001
7.205E+001
7.634E+001
-7.091E+001
-2.018E+002
-1.503E+002
8.358E+000
4.725E+001
-7.573E+001
-1.688E+002
-1.372E+002
-7.374E+001
-5.878E+001
-5.966E+001
-6.706E+001
-9.379E+001
-1.051E+002
-7.821E+001
-2.935E+001
-3.031E+001
-1.049E+002
-1.706E+002
-1.506E+002
-8.769E+001
-5.175E+001
-5.857E+001
-9.834E+001
-1.210E+002
-8.225E+001
2.169E+000
3.038E+001
-6.600E-002
-7.506E+000
2.673E+001
3.620E+001
1.183E+001
3.383E+001
8.765E+001
1.017E+002
8.538E+001
5.236E+001
1.005E+001
-7.677E+000
8.409E+000
3.800E+001
1.037E+001
-5.868E+001
-4.238E+001
3.302E+001
3.728E+001
-4.826E+001
-9.839E+001
-3.172E+001
5.697E+001
8.417E+001
6.898E+001
5.140E+001
3.963E+001
3.941E+001
7.567E+001
9.630E+001
6.860E+001
4.855E+001
7.221E+001
9.174E+001
5.958E+001
2.412E+001
2.278E+001
1.022E+001
-8.589E+000
2.132E+001
6.814E+001
5.629E+001
8.988E+000
3.818E+001
1.044E+002
6.920E+001
-4.242E+001
-7.574E+001
2.263E+001
1.099E+002
4.440E+001
-7.768E+001
-5.573E+001
7.132E+001
9.701E+001
-5.463E+000
-6.827E+001
-3.813E+000
9.540E+001
8.976E+001
-3.945E+000
-6.048E+001
-4.837E+001
-9.540E+000
1.043E+001
2.080E+001
7.350E+000
-3.304E+001
-3.266E+001
2.615E+001
5.928E+001
1.686E+000
-4.865E+001
-8.376E+000
4.857E+001
6.162E+001
2.128E+001
-3.493E+001
-4.763E+001
-1.787E+001
-1.809E+000
-7.518E+000
7.830E+000
2.612E+001
7.908E+000
-4.166E+001
-4.343E+001
2.433E+001
7.562E+001
2.354E+001
-4.503E+001
-2.050E+001
4.814E+001
4.393E+001
-4.518E+001
-1.184E+002
-9.204E+001
2.231E+001
9.522E+001
5.532E+001
-2.406E+001
-4.192E+001
-2.428E+001
-4.060E+001
-7.523E+001
-8.367E+001
-5.074E+001
-4.050E+001
-8.246E+001
-1.198E+002
-1.033E+002
-3.736E+001
2.943E+001
4.252E+001
-4.512E+000
-6.300E+001
-8.003E+001
-4.024E+001
-8.838E+000
-4.234E+001
-9.692E+001
-7.677E+001
-1.514E+001
-1.028E+001
-5.772E+001
-8.596E+001
-5.679E+001
-7.230E-001
2.207E+001
-1.095E+000
-1.413E+001
2.150E+001
6.036E+001
3.590E+001
-1.333E+001
-1.213E+001
2.400E+000
-1.427E+001
-3.589E+001
-4.782E+001
-4.880E+001
-3.438E+001
-1.195E+001
1.813E+001
1.693E+001
-1.418E+001
-7.311E+000
5.409E+001
9.727E+001
9.515E+001
1.096E+002
1.581E+002
1.607E+002
8.335E+001
8.361E+000
1.430E+001
6.149E+001
6.008E+001
2.688E+000
-1.856E+001
1.665E+001
4.730E+001
4.253E+001
3.135E+001
4.458E+001
6.235E+001
5.921E+001
4.525E+001
2.059E+001
-1.632E+001
-3.592E+001
-5.049E+000
2.993E+001
3.211E+001
7.434E+000
-2.327E+001
-3.085E+001
-2.058E+001
-5.970E-001
-4.341E+000
-2.821E+001
-2.515E+001
5.385E+000
2.004E+001
2.152E+001
2.572E+001
3.800E+001
2.378E+001
-2.022E+001
-3.631E+001
-1.050E+001
-1.184E+001
-5.599E+001
-6.136E+001
-2.129E+001
-1.841E+001
-6.612E+001
-6.717E+001
-1.433E+001
-1.884E+000
-4.007E+001
-3.923E+001
2.356E+001
4.912E+001
1.403E+001
1.481E+001
4.263E+001
2.677E+001
-1.039E+001
-2.077E+001
-2.065E+001
-2.841E+001
-8.220E+000
4.585E+001
4.440E+001
-2.995E+001
-6.563E+001
-2.781E+001
1.600E+001
-2.433E+000
-5.786E+001
-7.112E+001
-3.872E+001
-2.872E+001
-5.416E+001
-3.460E+001
1.751E+001
4.140E-001
-5.947E+001
-6.263E+001
-3.013E+001
-3.890E+001
-6.110E+001
-2.934E+001
3.209E+001
2.447E+001
-3.012E+001
-3.337E+001
1.886E+001
3.714E+001
-7.899E+000
-5.543E+001
-5.175E+001
-3.317E+001
-4.650E+001
-4.896E+001
-1.634E+001
3.046E+001
5.100E+001
5.274E+001
1.530E+001
-2.665E+001
-2.793E+000
6.156E+001
7.322E+001
3.000E+000
-4.544E+001
2.520E-001
5.439E+001
2.917E+001
-8.211E+000
2.632E+001
6.985E+001
3.630E+001
-1.669E+001
-3.156E+000
2.789E+001
5.037E+000
-2.450E+001
1.446E+000
6.405E+001
8.013E+001
2.196E+001
-1.784E+001
3.376E+001
1.119E+002
1.042E+002
1.607E+001
-1.921E+001
3.059E+001
5.902E+001
1.097E+001
-2.749E+001
2.607E+000
3.569E+001
1.415E+001
-1.348E+001
2.151E+000
3.013E+001
3.251E+001
1.441E+001
-6.489E+000
-4.125E+000
2.056E+001
4.503E+001
4.151E+001
3.942E+000
-4.742E+001
-7.380E+001
-4.923E+001
-1.538E+001
-3.231E+001
-6.201E+001
-3.924E+001
2.362E+001
6.891E+001
7.124E+001
4.521E+001
1.205E+001
6.372E+000
1.568E+001
-1.548E+000
-2.515E+001
-2.607E+000
5.164E+001
6.353E+001
9.573E+000
-4.043E+001
-2.555E+001
3.822E+000
-4.257E+000
-3.636E+001
-4.975E+001
-5.389E+001
-8.344E+001
-1.017E+002
-6.255E+001
-2.179E+001
-2.974E+001
-3.728E+001
9.180E-001
4.456E+001
2.227E+001
-3.356E+001
-6.034E+001
-5.740E+001
-5.841E+001
-5.695E+001
-6.247E+001
-7.290E+001
-7.580E+001
-5.779E+001
-3.275E+001
-1.902E+001
6.543E+000
4.520E+001
6.451E+001
5.696E+001
3.265E+001
1.037E+001
-2.235E+000
-7.695E+000
-9.081E+000
8.838E+000
3.775E+001
1.859E+001
-2.605E+001
-1.852E+001
3.242E+001
5.688E+001
3.226E+001
2.264E+001
3.814E+001
3.589E+001
1.884E+001
3.399E+001
4.573E+001
4.500E+000
-4.116E+001
-2.683E+001
2.493E+001
2.981E+001
-3.630E+000
-3.165E+000
1.017E+001
-4.458E+000
-1.190E+001
1.021E+001
2.037E+001
-1.076E+001
-4.399E+001
-4.034E+001
-1.116E+001
2.114E+001
2.506E+001
-4.251E+000
-2.265E+001
-7.323E+000
2.971E+001
5.597E+001
3.488E+001
-5.403E+000
3.786E+000
4.647E+001
5.230E+001
3.079E+001
2.219E+001
3.709E+001
4.039E+001
6.372E+000
-2.553E+001
-9.486E+000
4.146E+001
5.704E+001
1.647E+001
-1.438E+001
-9.075E+000
-2.802E+000
-8.721E+000
-5.931E+000
1.523E+001
1.050E+001
-1.784E+001
-2.388E+001
-2.350E+001
-3.426E+001
-2.090E+001
2.725E+001
4.319E+001
-2.100E-002
-1.679E+001
2.028E+001
2.571E+001
-9.816E+000
-1.996E+001
-2.202E+000
4.485E+000
-1.056E+001
-4.037E+001
-5.801E+001
-4.145E+001
-2.615E+001
-2.848E+001
-1.358E+001
1.612E+001
1.194E+001
-1.970E+001
-2.299E+001
-4.500E-001
1.890E+000
-1.169E+001
-1.982E+001
-2.874E+001
-2.689E+001
-4.509E+000
5.499E+000
-1.376E+001
-2.387E+001
8.940E-001
3.648E+000
-1.154E+001
-5.643E+000
1.100E+001
2.193E+000
-3.774E+000
8.292E+000
2.484E+000
-1.480E+001
-3.918E+000
3.705E+001
2.912E+001
-3.685E+001
-6.074E+001
-1.795E+001
1.518E+001
1.020E+000
-2.436E+001
-2.923E+001
-8.733E+000
1.098E+001
6.330E-001
-1.551E+001
-3.084E+000
2.387E+001
2.124E+001
-8.868E+000
-1.560E+001
1.486E+001
3.180E+001
7.695E+000
-1.755E+001
-1.232E+001
7.875E+000
1.274E+001
9.006E+000
1.614E+001
1.580E+001
7.470E-001
-1.744E+001
-1.857E+001
-2.673E+000
9.705E+000
-4.455E+000
-3.718E+001
-4.891E+001
-2.618E+001
-1.719E+000
6.990E+000
1.838E+001
2.843E+001
1.387E+001
5.706E+000
2.528E+001
3.344E+001
-1.062E+000
-2.003E+001
1.050E-001
1.248E+001
-1.577E+001
-4.213E+001
-3.549E+001
-2.001E+001
-1.913E+001
-9.129E+000
2.084E+001
4.154E+001
3.183E+001
5.565E+000
-9.870E+000
2.433E+000
2.335E+001
3.051E+001
1.702E+001
3.477E+000
5.427E+000
2.000E+001
4.272E+001
5.140E+001
3.367E+001
1.480E+001
1.099E+001
1.291E+001
9.387E+000
1.181E+001
1.446E+001
3.087E+000
-1.281E+001
-1.376E+001
-1.268E+001
-1.511E+001
-1.374E+001
-1.026E+001
-2.279E+001
-4.742E+001
-4.660E+001
-1.821E+001
3.756E+000
-7.737E+000
-2.140E+001
-1.142E+001
8.439E+000
7.833E+000
-5.481E+000
-4.779E+000
2.039E+001
3.929E+001
3.835E+001
2.579E+001
1.944E+001
2.223E+000
-1.275E+001
-1.650E+000
1.423E+001
-5.232E+000
-3.511E+001
-2.521E+001
1.681E+001
4.557E+001
3.584E+001
8.313E+000
-1.201E+001
-6.330E+000
2.493E+001
3.588E+001
7.083E+000
-1.125E+001
2.202E+000
1.467E+001
1.098E+000
-1.690E+001
-9.303E+000
1.796E+001
1.441E+001
-8.487E+000
-6.327E+000
1.282E+001
2.076E+001
1.676E+001
2.021E+001
2.056E+001
2.331E+000
-1.147E+001
-1.229E+001
-7.932E+000
-1.180E+001
-2.317E+001
-3.191E+001
-3.102E+001
-1.591E+001
-4.377E+000
-6.240E+000
-2.302E+001
-3.382E+001
-3.713E+001
-3.687E+001
-4.871E+001
-5.966E+001
-5.935E+001
-3.913E+001
-1.393E+001
-6.063E+000
-1.210E+001
-7.734E+000
1.848E+001
3.202E+001
1.708E+001
3.843E+000
3.537E+000
5.907E+000
3.075E+000
3.921E+000
1.376E+001
2.416E+001
1.854E+001
-5.700E-002
-2.340E-001
1.680E+001
1.906E+001
-2.613E+000
-1.683E+001
-1.959E+001
-2.495E+001
-3.139E+001
-2.861E+001
-1.556E+001
-3.000E-001
6.867E+000
8.451E+000
1.883E+001
3.980E+001
4.859E+001
-1.429E+001
-9.845E+001
-3.540E+001
8.824E+001
6.333E+001
-7.842E+001
-1.093E+002
1.797E+001
6.375E+001
-1.892E+001
-5.567E+001
2.068E+001
7.196E+001
3.316E+001
1.012E+001
3.582E+001
4.286E+001
2.230E+001
-5.439E+000
-1.351E+001
-2.316E+000
1.684E+001
4.080E+000
-1.696E+001
-2.063E+001
-1.345E+001
-6.174E+000
9.147E+000
1.327E+001
-3.060E-001
-1.504E+001
-3.996E+000
2.898E+000
2.524E+001
4.193E+001
2.065E+001
4.497E+000
6.813E+000
1.874E+001
2.255E+001
1.268E+001
6.645E+000
1.367E+001
1.724E+001
-1.042E+001
-3.749E+001
-2.446E+001
2.042E+001
-1.566E+001
-6.857E+001
-2.469E+001
2.185E+001
-1.623E+001
-5.962E+001
-2.346E+001
3.664E+001
1.130E+001
-4.245E+001
-2.402E+001
2.592E+001
1.571E+001
-2.896E+001
-2.853E+001
3.647E+001
6.350E+001
2.324E+001
-1.623E+000
2.162E+001
3.538E+001
1.170E+001
-2.537E+001
-3.406E+001
1.596E+000
3.709E+001
1.509E+001
-2.134E+001
-8.370E+000
2.057E+001
8.181E+000
6.714E+000
4.601E+001
6.154E+001
1.175E+001
-2.501E+001
1.773E+000
2.305E+001
4.404E+000
-1.975E+001
-2.090E+001
3.843E+000
1.469E+001
-4.392E+000
-2.614E+001
-2.846E+001
-1.224E+001
9.408E+000
1.415E+001
-8.193E+000
-2.300E+001
-1.499E+001
-1.406E+001
-2.873E+001
-2.829E+001
-9.081E+000
4.344E+000
-5.895E+000
-7.914E+000
1.421E+001
3.895E+001
2.145E+001
-2.439E+001
-4.647E+001
-1.649E+001
3.483E+001
3.949E+001
5.199E+000
6.780E-001
3.975E+001
5.912E+001
3.015E+001
4.710E-001
1.448E+001
2.647E+001
-9.240E-001
-3.009E+001
-2.310E+001
2.460E-001
8.472E+000
5.541E+000
-4.860E-001
-1.305E+001
-2.455E+001
-2.447E+001
-1.478E+001
-1.852E+001
-2.955E+001
-2.212E+001
-1.167E+000
2.835E+000
-8.337E+000
4.047E+000
2.562E+001
9.948E+000
-2.894E+001
-4.639E+001
-3.809E+001
-2.693E+001
-1.605E+001
-4.800E-002
1.010E+001
4.995E+000
-6.165E+000
7.740E-001
1.511E+001
2.979E+000
-1.623E+001
-1.140E+001
1.016E+001
2.104E+001
1.560E+000
-2.149E+001
-1.980E+001
-6.543E+000
-4.338E+000
-2.916E+000
7.569E+000
-1.947E+000
-2.809E+001
-3.406E+001
-2.430E+001
-2.397E+001
-1.818E+001
1.545E+000
1.168E+001
4.950E+000
1.113E+001
2.911E+001
2.324E+001
1.370E+001
2.988E+001
4.935E+001
3.900E+001
1.454E+001
3.816E+000
-3.282E+000
-3.144E+000
6.825E+000
1.512E+000
-1.661E+001
-1.996E+001
-1.037E+001
-2.979E+000
4.488E+000
1.159E+001
1.059E+001
9.102E+000
2.312E+001
2.641E+001
5.340E+000
-9.366E+000
1.131E+000
9.378E+000
-1.268E+001
-2.927E+001
-1.751E+001
4.785E+000
1.459E+001
9.399E+000
4.944E+000
5.904E+000
1.881E+001
2.016E+001
-5.340E-001
-1.521E+001
-3.081E+000
9.999E+000
-6.750E-001
-1.812E+001
-2.247E+001
-9.642E+000
-1.410E+001
-2.829E+001
-4.252E+001
-4.533E+001
-3.091E+001
-1.529E+001
-2.214E+001
-2.857E+001
-1.225E+001
3.360E+000
-1.278E+001
-2.552E+001
-6.513E+000
7.641E+000
3.540E-001
-4.446E+000
1.123E+001
1.070E+001
-4.782E+000
-3.186E+000
1.051E+001
1.692E+001
1.482E+001
8.382E+000
2.271E+000
2.889E+000
6.276E+000
2.370E+000
-7.830E-001
1.782E+000
-1.767E+000
-4.254E+000
1.131E+000
7.125E+000
7.431E+000
6.225E+000
1.344E+001
1.798E+001
5.604E+000
3.888E+000
2.292E+001
3.553E+001
1.270E+001
-1.585E+001
-9.954E+000
1.369E+001
1.443E+001
-8.127E+000
-1.213E+001
1.772E+001
3.712E+001
1.827E+001
-1.436E+001
-1.321E+001
3.459E+000
-1.128E+001
-3.250E+001
-2.507E+001
-2.031E+000
5.739E+000
2.133E+000
-9.012E+000
-8.373E+000
2.838E+000
4.578E+000
-9.222E+000
-1.987E+001
-1.763E+001
-1.079E+001
-1.594E+001
-2.185E+001
-1.316E+001
-4.350E-001
5.715E+000
-2.319E+000
-8.244E+000
-2.124E+000
9.933E+000
1.144E+001
1.527E+000
-8.556E+000
-6.504E+000
-1.128E+000
7.200E-001
-3.078E+000
-1.299E+001
-1.274E+001
1.872E+000
1.077E+001
1.299E+000
