0.000000000
-0.014795275
-0.067874519
-0.165924575
-0.306332297
-0.491684558
-0.729868242
-1.026370247
-1.378777485
-1.779576883
-2.221955382
-2.707999935
-3.251397512
-3.867535095
-4.561299680
-5.326278278
-6.152057913
-7.027025623
-7.938368462
-8.877873494
-9.852827802
-10.884518478
-11.991832633
-13.168857386
-14.380579877
-15.583687253
-16.765366681
-17.960405338
-19.205190417
-20.516709124
-21.914048679
-23.420996316
-25.054339285
-26.803364847
-28.641860278
-30.558012869
-32.547609925
-34.597738763
-36.679886715
-38.753441129
-40.775589364
-42.715018794
-44.551516808
-46.253970808
-47.785668210
-49.135396445
-50.320842957
-51.370095203
-52.310340656
-53.147166803
-53.856061144
-54.400211192
-54.737804475
-54.825928537
-54.643070934
-54.201219234
-53.538861023
-52.701083899
-51.741475474
-50.785223374
-50.008815239
-49.506038723
-49.255381494
-49.191231236
-49.235775642
-49.308102424
-49.333099307
-49.237554027
-48.944754336
-48.364888002
-47.397442805
-45.938106537
-43.910467007
-41.328912038
-38.282229465
-34.848107138
-31.053732922
-26.905294694
-22.410580346
-17.556677785
-12.297374930
-6.668359716
-1.004520090
4.186355986
8.613480536
12.228665569
15.052423081
17.132965056
18.507603460
19.179950249
19.141917361
18.400516723
17.013860248
15.082059832
12.715927361
10.037774705
7.189913718
4.327756245
1.610414112
-0.801500866
-2.746276889
-4.063002171
-4.590664940
-4.170953437
-2.664555919
0.038039345
4.022044071
9.287669961
15.687728703
22.711031971
29.485991427
35.498718715
40.755825468
45.362623304
49.484823828
53.325838630
57.064479285
60.857957357
64.855084393
69.199371928
74.042331482
79.409174561
84.800112658
89.564057250
93.578919803
96.988411766
99.961044575
102.736729654
105.431278409
107.813902237
109.565812516
110.619420614
111.020237882
110.829675659
110.141145270
109.050658024
107.654025218
106.047058135
104.325668043
102.583666195
100.861863834
99.093072184
97.140902459
94.879265856
92.268573561
89.356236743
86.215666560
82.934174153
79.612770650
76.356167168
73.265974805
70.339304648
67.419967771
64.409175231
61.350938072
58.321967326
55.416074008
52.742569122
50.411863655
48.528468583
47.049294866
45.771053450
44.627955268
43.711211238
43.129132266
43.011629241
43.497313040
44.429994525
45.246484546
45.635893937
45.698333518
45.586414097
45.498646465
45.443241401
45.090009670
44.222262023
42.872209195
41.103361911
39.006930877
36.697926790
34.274360330
31.733642163
29.010082942
26.117593306
23.111383879
20.048365272
17.004748082
14.068442891
11.317460269
8.756110769
6.293804933
3.819853288
1.298466345
-1.213845395
-3.622371449
-5.816501346
-7.670924629
-9.056630854
-9.855309594
-10.119550434
-10.125842973
-10.061176823
-9.915341613
-9.693326983
-9.470522588
-9.271118099
-9.040003197
-8.706267581
-8.190400960
-7.402693062
-6.249033623
-4.632112399
-2.452819155
0.388756327
3.965124252
8.302894810
13.397278179
19.166184522
25.238623987
31.137806710
36.766842811
42.231142397
47.480415562
52.306272384
56.439122927
59.707977244
62.139345371
63.866937330
65.049063132
65.872432770
66.547656227
67.300243468
68.360804447
69.946049103
72.018487361
74.241729131
76.451384312
78.743362786
81.249074421
84.136029074
87.588936585
91.798006780
96.849649474
102.343474466
107.627491539
112.462410467
116.886541004
120.971092895
124.743775869
128.006099641
130.557173912
132.402208369
133.614212685
134.282396519
134.518169517
134.434941309
134.115721514
133.514419733
132.495545556
130.996808559
129.028818302
126.642084332
123.940616184
121.062423376
118.059815412
114.737201786
110.919291973
106.667895437
102.096621627
97.333179978
92.530479912
87.839530836
83.395542143
79.236623213
75.277383410
71.400132087
67.564378579
63.826732211
60.283702292
57.043398117
54.221328968
51.931504111
50.282132801
49.291624275
48.805387761
48.593632469
48.516067596
48.557002327
48.751545829
49.104107259
49.542895758
49.969620453
50.341090458
50.648314872
50.871702781
51.004963256
51.073205354
51.124738119
51.234770580
51.491311752
51.925170638
52.461956225
52.971377485
53.375943379
53.718762852
54.088444835
54.498898246
54.899731989
55.283854952
55.698176012
56.198704030
56.845447853
57.646116315
58.524218236
59.398762420
60.246657661
61.090312734
61.951436404
62.815937420
63.659624518
64.483306420
65.302291832
66.134089449
66.979407950
67.789956001
68.490342253
69.050075344
69.493663897
69.846316523
70.125441817
70.357648360
70.592044720
70.852839451
71.101641093
71.316458171
71.503199196
71.652672667
71.757887067
71.830450866
71.898472520
72.002860469
72.195523143
72.551668954
73.160706303
74.012943575
74.952089142
75.843151362
76.677438577
77.505359120
78.364221304
79.225233431
79.999103790
80.613440655
81.072452284
81.439746924
81.791332807
82.201018151
82.731111158
83.387920020
84.093852912
84.758317995
85.356423418
85.895777315
86.370687805
86.790762994
87.190110974
87.606639823
88.080557605
88.642972370
89.284992153
89.963924977
90.667878849
91.453261763
92.393581700
93.493646625
94.689064490
95.918543234
97.149490779
98.378015036
99.622923901
100.915925256
102.304826969
103.844136894
105.578162871
107.514212725
109.627994270
111.918615302
114.435283606
117.194406953
120.142093097
123.217149781
126.331384733
129.388605667
132.334020283
135.131136267
137.756961292
140.202903015
142.468269081
144.591967118
146.675204745
148.766489562
150.783729158
152.627731107
154.279302969
155.763952290
157.099586602
158.300513424
159.379940259
160.347274598
161.207223917
161.951395678
162.567797329
163.065236305
163.479620025
163.864455896
164.286051310
164.802613646
165.444150266
166.221468522
167.137675751
168.187379273
169.359886397
170.632404418
171.978340616
173.391002257
174.889796593
176.392030863
177.624712291
178.366448087
178.568645448
178.245711555
177.443753577
176.230378669
174.681093970
172.873506608
170.885423693
168.794552326
166.655999589
164.474272554
162.231578277
159.949023800
157.684316151
155.464962345
153.297569382
151.245444249
149.422093918
147.949625347
146.972645482
146.565061251
146.438479572
146.165707347
145.664551465
145.013518800
144.174116212
143.052850548
141.644028641
139.982557308
138.071543354
135.979793571
133.864614733
131.928913604
130.411696933
129.429571453
128.843943886
128.500720937
128.344309300
128.270915653
128.139146660
127.810608972
127.148909225
126.058554043
124.542150033
122.712703790
120.731521896
118.773210915
117.044077402
115.765527894
114.899268916
114.142906979
113.360248580
112.571300200
111.794868309
111.102859362
110.612179798
110.313836045
109.994834515
109.519981608
108.934383706
108.293647183
107.636778393
107.029683679
106.562669371
106.322141784
106.368607216
106.709371957
107.278642278
107.969824437
108.702024680
109.408349238
109.994404327
110.441396150
110.843930895
111.328514738
111.952253839
112.645454346
113.341022390
114.027264090
114.664785553
115.189592867
115.563292110
115.797089346
115.933290622
116.042001973
116.232229421
116.631878972
117.368356620
118.492068342
119.900220104
121.392017857
122.806567537
124.108175068
125.251746358
126.101487302
126.610203782
126.870001663
127.011186800
127.159865031
127.418642180
127.840824060
128.393916466
128.993525181
129.568955976
130.065114604
130.453006807
130.723838311
130.840514830
130.737242063
130.354125694
129.685771395
128.798384822
127.789471619
126.750737414
125.720087824
124.687928448
123.634164874
122.505202674
121.269347409
119.984304622
118.744379846
117.648578596
116.779606377
116.130468677
115.592870972
115.021818722
114.314617374
113.464472362
112.525289105
111.564773009
110.662529463
109.872763845
109.146381519
108.355887833
107.389188124
106.177787711
104.707291902
103.001405990
101.093135255
99.021084962
96.819860361
94.480466691
91.943509174
89.136093019
85.973623422
82.410905564
78.484344612
74.257545720
69.790114026
65.136654657
60.349472722
55.491273321
50.638361535
45.872942434
41.276421074
36.922502495
32.876691725
29.200893778
25.944713652
23.139956334
20.810426793
18.982529988
17.705670863
17.060854345
17.138685352
17.927368783
19.211309527
20.693412457
22.125282432
23.354624298
24.337242886
25.027543013
25.327329483
25.161807086
24.531080596
23.480654775
22.067134371
20.332324117
18.276628732
15.884252922
13.148801379
10.067678780
6.639089788
2.861339052
-1.233668790
-5.519129119
-9.826137327
-14.060188820
-18.165479018
-22.098603357
-25.887057284
-29.548136262
-33.029435767
-36.291651291
-39.354178337
-42.273212423
-45.097149083
-47.812083863
-50.374112322
-52.789230036
-55.068932593
-57.209215595
-59.249374659
-61.240005415
-63.220903507
-65.231064594
-67.272984348
-69.318558456
-71.346282617
-73.371852547
-75.453263973
-77.636112638
-79.901194298
-82.177404724
-84.377039700
-86.428995023
-88.298966507
-89.975649978
-91.459641276
-92.781536255
-93.994330783
-95.115620744
-96.120202032
-96.967970559
-97.617522248
-98.042053038
-98.208658881
-98.071935743
-97.598279605
-96.820186460
-95.873252317
-94.894673199
-93.970445140
-93.170064192
-92.530726419
-92.044227898
-91.680864723
-91.391132998
-91.070328845
-90.679148397
-90.329587803
-90.088343224
-89.888010837
-89.623186832
-89.252267414
-88.900648799
-88.764827221
-88.882498925
-89.142960171
-89.447107234
-89.759936401
-90.112443975
-90.559426272
-91.124479622
-91.806200368
-92.594484870
-93.459029498
-94.360230639
-95.264684693
-96.121788074
-96.874237210
-97.432028543
-97.673658529
-97.621523637
-97.479420353
-97.490645174
-97.816994611
-98.477965192
-99.421753455
-100.580155954
-101.870669259
-103.216089950
-104.552714624
-105.805239890
-106.942962372
-108.082578709
-109.357385552
-110.821179567
-112.509957434
-114.407515847
-116.421451514
-118.391061156
-120.140741510
-121.530789325
-122.442101365
-122.828274408
-122.761305246
-122.401690685
-121.930127544
-121.475712658
-121.067442873
-120.648315053
-120.130526073
-119.445272821
-118.620652204
-117.754661137
-116.918396553
-116.128655398
-115.360134631
-114.603431227
-113.889842172
-113.259564469
-112.761395133
-112.467931194
-112.428269696
-112.603007697
-112.905942268
-113.266370495
-113.626089477
-113.947796329
-114.209488177
-114.368862164
-114.408915446
-114.441145192
-114.628648585
-115.005522823
-115.493865119
-115.996972696
-116.416442796
-116.709972672
-116.928059592
-117.156900836
-117.437793701
-117.720535496
-117.906423545
-117.892155185
-117.610127768
-117.091538660
-116.445185240
-115.787264901
-115.193675052
-114.689413113
-114.262476521
-113.872962724
-113.459569187
-112.995593386
-112.535132814
-112.167584976
-111.951347391
-111.873517593
-111.871993129
-111.875771561
-111.854550464
-111.831027428
-111.790700056
-111.665665966
-111.381922788
-110.888168169
-110.187099769
-109.312815259
-108.275212328
-107.036088678
-105.546742023
-103.837470093
-102.041670631
-100.314541395
-98.775380156
-97.459584700
-96.308952825
-95.243882346
-94.194871089
-93.137316897
-92.127717623
-91.251671138
-90.546175325
-89.980028081
-89.491327318
-89.011770961
-88.497156948
-87.959783235
-87.439147786
-86.980148585
-86.631283626
-86.392050919
-86.197448487
-85.965574366
-85.616526609
-85.081003280
-84.319202459
-83.348022239
-82.259660728
-81.229716045
-80.422386328
-79.857269724
-79.460564397
-79.145468525
-78.809180297
-78.369597921
-77.823419614
-77.189043610
-76.442368156
-75.572191513
-74.598011957
-73.536527776
-72.396537273
-71.198938767
-69.993230587
-68.847611079
-67.817978602
-66.904031529
-66.054868248
-65.207887159
-64.338386677
-63.495665231
-62.740521266
-62.104553236
-61.597359615
-61.197938886
-60.882989548
-60.642410116
-60.457699115
-60.299755087
-60.168576587
-60.088462183
-60.041810459
-59.954820012
-59.720089453
-59.220117406
-58.382402512
-57.206143421
-55.740338803
-54.076387337
-52.321487718
-50.563038656
-48.855238874
-47.202987107
-45.577382108
-43.941022641
-42.254307485
-40.508335433
-38.747505292
-37.041015882
-35.463666039
-34.092854612
-32.972480462
-32.083942468
-31.375439520
-30.788070523
-30.260334396
-29.765930071
-29.339256495
-29.039712630
-28.903097450
-28.924709943
-29.085049113
-29.385613977
-29.852903565
-30.508416921
-31.349053106
-32.356311191
-33.504490263
-34.768989423
-36.125707786
-37.541844480
-38.933798649
-40.157969449
-41.098256050
-41.711557638
-42.003173411
-42.018702582
-41.860944377
-41.640998037
-41.422062817
-41.227537986
-41.044622826
-40.845816634
-40.611818721
-40.326328410
-39.970345042
-39.545667968
-39.090296555
-38.644930183
-38.211568248
-37.759810158
-37.264155336
-36.728403218
-36.194653254
-35.711304910
-35.280957663
-34.854211007
-34.385664448
-33.891117507
-33.438269717
-33.087220629
-32.836669803
-32.640816818
-32.464661262
-32.290502741
-32.105940874
-31.902675292
-31.672305643
-31.402431586
-31.077352797
-30.680668963
-30.195579788
-29.605284987
-28.892884292
-28.041477446
-27.029864208
-25.844544350
-24.508417659
-23.072883936
-21.597442994
-20.137694663
-18.704238784
-17.268675214
-15.846303823
-14.526824497
-13.407537132
-12.528941641
-11.871837952
-11.362226004
-10.879305751
-10.320077162
-9.679340220
-9.020094920
-8.384941273
-7.798879303
-7.308609049
-6.974530562
-6.807043910
-6.731849172
-6.663946443
-6.562335831
-6.406917458
-6.177091461
-5.846257989
-5.385417208
-4.796669294
-4.148614442
-3.542652856
-3.042984757
-2.661510380
-2.395929972
-2.252743795
-2.231252127
-2.299255256
-2.393453488
-2.431647140
-2.340936545
-2.106722048
-1.766704011
-1.373982806
-0.987958823
-0.664432463
-0.444604143
-0.326974292
-0.252743355
-0.136311790
0.115119931
0.558651322
1.159881883
1.832411099
2.505338443
3.124563373
3.643185332
4.031903751
4.276518044
4.367027616
4.289731852
4.027630128
3.581121803
2.965706223
2.194182720
1.294050613
0.316709204
-0.685342215
-1.685204369
-2.690677996
-3.728363848
-4.817562691
-5.933075304
-6.998102482
-7.912545033
-8.587803778
-8.977279554
-9.067873210
-8.870685611
-8.424617634
-7.791570171
-7.060744129
-6.340140426
-5.718959997
-5.251603791
-4.962872768
-4.849567904
-4.888890190
-5.029240629
-5.182920240
-5.250830053
-5.148471115
-4.836544486
-4.344451240
-3.736792463
-3.079969259
-2.447882743
-1.917534044
-1.515824308
-1.190354690
-0.855826364
-0.421340514
0.199801659
1.053598941
2.124550106
3.352853910
4.655409099
5.937414402
7.101868537
8.059970204
8.731518093
9.061310877
9.063547218
8.816625761
8.441045138
8.077103969
7.843500857
7.820934392
8.019503151
8.392505697
8.906240577
9.542806326
10.262501465
10.991724499
11.668373922
12.293048211
12.909745830
13.574265232
14.347604850
15.288363109
16.436538417
17.779529167
19.255833740
20.795050504
22.327977809
23.794013996
25.149757387
26.359606294
27.389859013
28.220913827
28.864969004
29.356222798
29.731673450
30.020819186
30.238558220
30.395088749
30.507508959
30.598517018
30.691411085
30.794889302
30.889349796
30.939490684
30.906110065
30.749906025
30.450676638
30.016619963
29.459134042
28.767516908
27.913866577
26.866681051
25.594658319
24.082896356
22.351993122
20.476446564
18.580854615
16.777015192
15.145926202
13.743485534
12.569491065
11.587440658
10.768932162
10.100663410
9.575432225
9.157236412
8.751773765
8.251142061
7.586839066
6.760962531
5.837910192
4.896879771
4.018468979
3.278675508
2.713097041
2.300931244
1.998475770
1.760528257
1.544686330
1.330447600
1.122909664
0.936970105
0.789526492
0.689176378
0.627717306
0.590246801
0.560662377
0.524761533
0.480741754
0.432700509
0.368435257
0.254143440
0.040622487
-0.329830188
-0.916217182
-1.727341111
-2.677604599
-3.660410290
-4.596060837
-5.408158910
-6.040207191
-6.486108379
-6.774565183
-6.927480330
-6.955756558
-6.869396619
-6.684403282
-6.439279327
-6.198827550
-6.037050758
-5.999751776
-6.089933440
-6.297798601
-6.614350124
-7.032190888
-7.557023787
-8.205951727
-8.993877629
-9.919904427
-10.961835072
-12.070572526
-13.174519765
-14.220679782
-15.201655580
-16.126150178
-16.998066610
-17.822507923
-18.604477177
-19.347677447
-20.061311822
-20.774683405
-21.536395313
-22.403550677
-23.425152641
-24.606104365
-25.908809021
-27.284069795
-28.677789890
-30.039472520
-31.342420913
-32.581038312
-33.761827975
-34.914893171
-36.092637187
-37.341963320
-38.652974883
-39.948575203
-41.158267621
-42.278955491
-43.359442183
-44.461831079
-45.620725576
-46.813829085
-47.989545029
-49.094176849
-50.070127996
-50.872801938
-51.518602155
-52.090532142
-52.696495407
-53.431295473
-54.318035877
-55.306920170
-56.317851916
-57.268834693
-58.133272096
-58.946067729
-59.761425214
-60.647248185
-61.682340291
-62.946405195
-64.484646573
-66.249868116
-68.123273528
-69.967366528
-71.637050849
-72.993730236
-73.955708452
-74.567389270
-74.973276478
-75.344073880
-75.864185292
-76.714314544
-77.980165481
-79.602541961
-81.456847858
-83.402887057
-85.293563459
-87.041080979
-88.651043544
-90.169155098
-91.620319597
-92.982341011
-94.203123325
-95.229270538
-96.033786661
-96.619475721
-96.982941759
-97.110088829
-96.994621000
-96.651842353
-96.140356986
-95.557969008
-94.997782545
-94.521201734
-94.160730728
-93.932373693
-93.858334810
-93.984318273
-94.363228290
-95.030769084
-96.011644891
-97.296359961
-98.799418559
-100.387724963
-101.932883465
-103.339898372
-104.574574004
-105.662514696
-106.648024794
-107.538908663
-108.278870678
-108.799015229
-109.096446721
-109.234869571
-109.288588213
-109.310007092
-109.328730669
-109.385863418
-109.544109826
-109.852374398
-110.340261647
-111.052276105
-112.032722317
-113.235104839
-114.518928245
-115.732697120
-116.751116065
-117.494689693
-117.957622634
-118.187519529
-118.217485034
-118.033223819
-117.596140569
-116.864039982
-115.795726769
-114.359205658
-112.541881387
-110.359658712
-107.895142399
-105.325137232
-102.876448007
-100.773079533
-99.118336634
-97.818424149
-96.689746930
-95.532109842
-94.165117766
-92.518375596
-90.647888239
-88.662560619
-86.687197670
-84.823504343
-83.069085602
-81.335246424
-79.503991803
-77.426726743
-74.971256265
-72.079285403
-68.759619205
-65.060662732
-61.045821061
-56.777999281
-52.327102497
-47.804235826
-43.358104401
-39.148513367
-35.333467884
-32.009373126
-29.184134281
-26.823356551
-24.860645151
-23.205705313
-21.785442278
-20.558261306
-19.490067669
-18.538166651
-17.664663553
-16.846763689
-16.067572387
-15.306294988
-14.538236848
-13.748803337
-12.947299839
-12.154231752
-11.379704487
-10.619423471
-9.857594142
-9.061421955
-8.184012377
-7.175770891
-5.987202992
-4.582114190
-2.960610008
-1.160195984
0.757222329
2.725539367
4.700349550
6.661147283
8.594626960
10.480782958
12.297709641
14.059301362
15.820352454
17.634857241
19.537810032
21.544605120
23.646336785
25.803499295
27.962686902
30.079193843
32.126114344
34.105842614
36.038272850
37.932799235
39.778615937
41.559417110
43.260896895
44.870849418
46.391668792
47.841249114
49.229784470
50.542168930
51.750496550
52.833861374
53.772057428
54.542578728
55.148019275
55.622073054
56.012934038
56.371396187
56.728953443
57.080499739
57.404528989
57.686135098
57.912111953
58.066153428
58.123553386
58.050105671
57.814104117
57.404542542
56.834614750
56.129014533
55.319335667
54.447071915
53.568817024
52.747764731
52.034908754
51.457842802
51.014260566
50.669555726
50.367021945
50.052652875
49.683842151
49.230183398
48.693170223
48.100796222
47.483554974
46.871940047
46.300244993
45.805963351
45.424888645
45.176014387
45.043434073
44.980041186
44.923429195
44.805591553
44.585921703
44.278213070
43.925959068
43.579653096
43.294688537
43.108358763
43.013457131
42.979676983
42.981711649
42.997154442
43.010098665
43.013237603
43.001464530
42.966972703
42.893755370
42.765205759
42.583317088
42.370782559
42.147995363
41.905748672
41.608735650
41.213849441
40.684483179
40.018929984
39.249582959
38.420235196
37.586279772
36.811009750
36.150018178
35.637698092
35.283642512
35.079344446
34.996896886
34.995692812
35.044025187
35.117986965
35.191171080
35.236870457
35.236178004
35.184586616
35.086189174
34.946678546
34.765247584
34.525889128
34.203696002
33.771361017
33.205376971
32.502036646
31.679832812
30.783458224
29.877005622
29.011567734
28.221337273
27.521606939
26.902369415
26.344817373
25.839343471
25.394640351
25.028400643
24.743516962
24.515581908
24.305188070
24.076428019
23.818094316
23.545479505
23.282476118
23.049476672
22.848173670
22.663059602
22.474226941
22.261268150
22.009975676
21.714441953
21.370859398
20.971720418
20.504917404
19.970042732
19.392388767
18.806747858
18.242912339
17.729274533
17.287326745
16.920961271
16.621470388
16.377246362
16.180781445
16.034867874
15.944697872
15.907663649