0
0
0
0
0
0
0
0
0
0
0
0
0
0
0
0
0
0
0
0
0
0
0
0
0
0
0
0
0
0
0
0
0
0
0
0
0
0
0
0
0
0
0
0
0
0
0
0
0
0
0
0
0
0
0
0
0
0
0
0
0
0
0
0
0
0
0
0
0
0
0
0
0
0
0
0
0
0
0
0
0
0
0
0
0
0
0
0
0
0
0
0
0
0
0
0
0
0
0
0
0
-0.014795275
-0.067874519
-0.165924575
-0.306332297
-0.491684558
-0.729868242
-1.026370247
-1.378777485
-1.779576883
-2.221955382
-2.707999935
-3.251397512
-3.867535095
-4.56129968
-5.326278278
-6.152057913
-7.027025623
-7.938368462
-8.877873494
-9.852827802
-10.88451848
-11.99183263
-13.16885739
-14.38057988
-15.58368725
-16.76536668
-17.96040534
-19.20519042
-20.51670912
-21.91404868
-23.42099632
-25.05433929
-26.80336485
-28.64186028
-30.55801287
-32.54760993
-34.59773876
-36.67988672
-38.75344113
-40.77558936
-42.71501879
-44.55151681
-46.25397081
-47.78566821
-49.13539645
-50.32084296
-51.3700952
-52.31034066
-53.1471668
-53.85606114
-54.40021119
-54.73780448
-54.82592854
-54.64307093
-54.20121923
-53.53886102
-52.7010839
-51.74147547
-50.78522337
-50.00881524
-49.50603872
-49.25538149
-49.19123124
-49.23577564
-49.30810242
-49.33309931
-49.23755403
-48.94475434
-48.364888
-47.39744281
-45.93810654
-43.91046701
-41.32891204
-38.28222947
-34.84810714
-31.05373292
-26.90529469
-22.41058035
-17.55667779
-12.29737493
-6.668359716
-1.00452009
4.186355986
8.613480536
12.22866557
15.05242308
17.13296506
18.50760346
19.17995025
19.14191736
18.40051672
17.01386025
15.08205983
12.71592736
10.03777471
7.189913718
4.327756245
1.610414112
-0.801500866
-2.746276889
-4.063002171
-4.59066494
-4.170953437
-2.664555919
0.038039345
4.022044071
9.287669961
15.6877287
22.71103197
29.48599143
35.49871872
40.75582547
45.3626233
49.48482383
53.32583863
57.06447929
60.85795736
64.85508439
69.19937193
74.04233148
79.40917456
84.80011266
89.56405725
93.5789198
96.98841177
99.96104458
102.7367297
105.4312784
107.8139022
109.5658125
110.6194206
111.0202379
110.8296757
110.1411453
109.050658
107.6540252
106.0470581
104.325668
102.5836662
100.8618638
99.09307218
97.14090246
94.87926586
92.26857356
89.35623674
86.21566656
82.93417415
79.61277065
76.35616717
73.26597481
70.33930465
67.41996777
64.40917523
61.35093807
58.32196733
55.41607401
52.74256912
50.41186366
48.52846858
47.04929487
45.77105345
44.62795527
43.71121124
43.12913227
43.01162924
43.49731304
44.42999453
45.24648455
45.63589394
45.69833352
45.5864141
45.49864647
45.4432414
45.09000967
44.22226202
42.8722092
41.10336191
39.00693088
36.69792679
34.27436033
31.73364216
29.01008294
26.11759331
23.11138388
20.04836527
17.00474808
14.06844289
11.31746027
8.756110769
6.293804933
3.819853288
1.298466345
-1.213845395
-3.622371449
-5.816501346
-7.670924629
-9.056630854
-9.855309594
-10.11955043
-10.12584297
-10.06117682
-9.915341613
-9.693326983
-9.470522588
-9.271118099
-9.040003197
-8.706267581
-8.19040096
-7.402693062
-6.249033623
-4.632112399
-2.452819155
0.388756327
3.965124252
8.30289481
13.39727818
19.16618452
25.23862399
31.13780671
36.76684281
42.2311424
47.48041556
52.30627238
56.43912293
59.70797724
62.13934537
63.86693733
65.04906313
65.87243277
66.54765623
67.30024347
68.36080445
69.9460491
72.01848736
74.24172913
76.45138431
78.74336279
81.24907442
84.13602907
87.58893659
91.79800678
96.84964947
102.3434745
107.6274915
112.4624105
116.886541
120.9710929
124.7437759
128.0060996
130.5571739
132.4022084
133.6142127
134.2823965
134.5181695
134.4349413
134.1157215
133.5144197
132.4955456
130.9968086
129.0288183
126.6420843
123.9406162
121.0624234
118.0598154
114.7372018
110.919292
106.6678954
102.0966216
97.33317998
92.53047991
87.83953084
83.39554214
79.23662321
75.27738341
71.40013209
67.56437858
63.82673221
60.28370229
57.04339812
54.22132897
51.93150411
50.2821328
49.29162428
48.80538776
48.59363247
48.5160676
48.55700233
48.75154583
49.10410726
49.54289576
49.96962045
50.34109046
50.64831487
50.87170278
51.00496326
51.07320535
51.12473812
51.23477058
51.49131175
51.92517064
52.46195623
52.97137749
53.37594338
53.71876285
54.08844484
54.49889825
54.89973199
55.28385495
55.69817601
56.19870403
56.84544785
57.64611632
58.52421824
59.39876242
60.24665766
61.09031273
61.9514364
62.81593742
63.65962452
64.48330642
65.30229183
66.13408945
66.97940795
67.789956
68.49034225
69.05007534
69.4936639
69.84631652
70.12544182
70.35764836
70.59204472
70.85283945
71.10164109
71.31645817
71.5031992
71.65267267
71.75788707
71.83045087
71.89847252
72.00286047
72.19552314
72.55166895
73.1607063
74.01294358
74.95208914
75.84315136
76.67743858
77.50535912
78.3642213
79.22523343
79.99910379
80.61344066
81.07245228
81.43974692
81.79133281
82.20101815
82.73111116
83.38792002
84.09385291
84.758318
85.35642342
85.89577732
86.37068781
86.79076299
87.19011097
87.60663982
88.08055761
88.64297237
89.28499215
89.96392498
90.66787885
91.45326176
92.3935817
93.49364663
94.68906449
95.91854323
97.14949078
98.37801504
99.6229239
100.9159253
102.304827
103.8441369
105.5781629
107.5142127
109.6279943
111.9186153
114.4352836
117.194407
120.1420931
123.2171498
126.3313847
129.3886057
132.3340203
135.1311363
137.7569613
140.202903
142.4682691
144.5919671
146.6752047
148.7664896
150.7837292
152.6277311
154.279303
155.7639523
157.0995866
158.3005134
159.3799403
160.3472746
161.2072239
161.9513957
162.5677973
163.0652363
163.47962
163.8644559
164.2860513
164.8026136
165.4441503
166.2214685
167.1376758
168.1873793
169.3598864
170.6324044
171.9783406
173.3910023
174.8897966
176.3920309
177.6247123
178.3664481
178.5686454
178.2457116
177.4437536
176.2303787
174.681094
172.8735066
170.8854237
168.7945523
166.6559996
164.4742726
162.2315783
159.9490238
157.6843162
155.4649623
153.2975694
151.2454442
149.4220939
147.9496253
146.9726455
146.5650613
146.4384796
146.1657073
145.6645515
145.0135188
144.1741162
143.0528505
141.6440286
139.9825573
138.0715434
135.9797936
133.8646147
131.9289136
130.4116969
129.4295715
128.8439439
128.5007209
128.3443093
128.2709157
128.1391467
127.810609
127.1489092
126.058554
124.54215
122.7127038
120.7315219
118.7732109
117.0440774
115.7655279
114.8992689
114.142907
113.3602486
112.5713002
111.7948683
111.1028594
110.6121798
110.313836
109.9948345
109.5199816
108.9343837
108.2936472
107.6367784
107.0296837
106.5626694
106.3221418
106.3686072
106.709372
107.2786423
107.9698244
108.7020247
109.4083492
109.9944043
110.4413962
110.8439309
111.3285147
111.9522538
112.6454543
113.3410224
114.0272641
114.6647856
115.1895929
115.5632921
115.7970893
115.9332906
116.042002
116.2322294
116.631879
117.3683566
118.4920683
119.9002201
121.3920179
122.8065675
124.1081751
125.2517464
126.1014873
126.6102038
126.8700017
127.0111868
127.159865
127.4186422
127.8408241
128.3939165
128.9935252
129.568956
130.0651146
130.4530068
130.7238383
130.8405148
130.7372421
130.3541257
129.6857714
128.7983848
127.7894716
126.7507374
125.7200878
124.6879284
123.6341649
122.5052027
121.2693474
119.9843046
118.7443798
117.6485786
116.7796064
116.1304687
115.592871
115.0218187
114.3146174
113.4644724
112.5252891
111.564773
110.6625295
109.8727638
109.1463815
108.3558878
107.3891881
106.1777877
104.7072919
103.001406
101.0931353
99.02108496
96.81986036
94.48046669
91.94350917
89.13609302
85.97362342
82.41090556
78.48434461
74.25754572
69.79011403
65.13665466
60.34947272
55.49127332
50.63836154
45.87294243
41.27642107
36.9225025
32.87669173
29.20089378
25.94471365
23.13995633
20.81042679
18.98252999
17.70567086
17.06085435
17.13868535
17.92736878
19.21130953
20.69341246
22.12528243
23.3546243
24.33724289
25.02754301
25.32732948
25.16180709
24.5310806
23.48065478
22.06713437
20.33232412
18.27662873
15.88425292
13.14880138
10.06767878
6.639089788
2.861339052
-1.23366879
-5.519129119
-9.826137327
-14.06018882
-18.16547902
-22.09860336
-25.88705728
-29.54813626
-33.02943577
-36.29165129
-39.35417834
-42.27321242
-45.09714908
-47.81208386
-50.37411232
-52.78923004
-55.06893259
-57.2092156
-59.24937466
-61.24000542
-63.22090351
-65.23106459
-67.27298435
-69.31855846
-71.34628262
-73.37185255
-75.45326397
-77.63611264
-79.9011943
-82.17740472
-84.3770397
-86.42899502
-88.29896651
-89.97564998
-91.45964128
-92.78153626
-93.99433078
-95.11562074
-96.12020203
-96.96797056
-97.61752225
-98.04205304
-98.20865888
-98.07193574
-97.59827961
-96.82018646
-95.87325232
-94.8946732
-93.97044514
-93.17006419
-92.53072642
-92.0442279
-91.68086472
-91.391133
-91.07032885
-90.6791484
-90.3295878
-90.08834322
-89.88801084
-89.62318683
-89.25226741
-88.9006488
-88.76482722
-88.88249893
-89.14296017
-89.44710723
-89.7599364
-90.11244398
-90.55942627
-91.12447962
-91.80620037
-92.59448487
-93.4590295
-94.36023064
-95.26468469
-96.12178807
-96.87423721
-97.43202854
-97.67365853
-97.62152364
-97.47942035
-97.49064517
-97.81699461
-98.47796519
-99.42175346
-100.580156
-101.8706693
-103.21609
-104.5527146
-105.8052399
-106.9429624
-108.0825787
-109.3573856
-110.8211796
-112.5099574
-114.4075158
-116.4214515
-118.3910612
-120.1407415
-121.5307893
-122.4421014
-122.8282744
-122.7613052
-122.4016907
-121.9301275
-121.4757127
-121.0674429
-120.6483151
-120.1305261
-119.4452728
-118.6206522
-117.7546611
-116.9183966
-116.1286554
-115.3601346
-114.6034312
-113.8898422
-113.2595645
-112.7613951
-112.4679312
-112.4282697
-112.6030077
-112.9059423
-113.2663705
-113.6260895
-113.9477963
-114.2094882
-114.3688622
-114.4089154
-114.4411452
-114.6286486
-115.0055228
-115.4938651
-115.9969727
-116.4164428
-116.7099727
-116.9280596
-117.1569008
-117.4377937
-117.7205355
-117.9064235
-117.8921552
-117.6101278
-117.0915387
-116.4451852
-115.7872649
-115.1936751
-114.6894131
-114.2624765
-113.8729627
-113.4595692
-112.9955934
-112.5351328
-112.167585
-111.9513474
-111.8735176
-111.8719931
-111.8757716
-111.8545505
-111.8310274
-111.7907001
-111.665666
-111.3819228
-110.8881682
-110.1870998
-109.3128153
-108.2752123
-107.0360887
-105.546742
-103.8374701
-102.0416706
-100.3145414
-98.77538016
-97.4595847
-96.30895283
-95.24388235
-94.19487109
-93.1373169
-92.12771762
-91.25167114
-90.54617533
-89.98002808
-89.49132732
-89.01177096
-88.49715695
-87.95978324
-87.43914779
-86.98014859
-86.63128363
-86.39205092
-86.19744849
-85.96557437
-85.61652661
-85.08100328
-84.31920246
-83.34802224
-82.25966073
-81.22971605
-80.42238633
-79.85726972
-79.4605644
-79.14546853
-78.8091803
-78.36959792
-77.82341961
-77.18904361
-76.44236816
-75.57219151
-74.59801196
-73.53652778
-72.39653727
-71.19893877
-69.99323059
-68.84761108
-67.8179786
-66.90403153
-66.05486825
-65.20788716
-64.33838668
-63.49566523
-62.74052127
-62.10455324
-61.59735962
-61.19793889
-60.88298955
-60.64241012
-60.45769912
-60.29975509
-60.16857659
-60.08846218
-60.04181046
-59.95482001
-59.72008945
-59.22011741
-58.38240251
-57.20614342
-55.7403388
-54.07638734
-52.32148772
-50.56303866
-48.85523887
-47.20298711
-45.57738211
-43.94102264
-42.25430749
-40.50833543
-38.74750529
-37.04101588
-35.46366604
-34.09285461
-32.97248046
-32.08394247
-31.37543952
-30.78807052
-30.2603344
-29.76593007
-29.3392565
-29.03971263
-28.90309745
-28.92470994
-29.08504911
-29.38561398
-29.85290357
-30.50841692
-31.34905311
-32.35631119
-33.50449026
-34.76898942
-36.12570779
-37.54184448
-38.93379865
-40.15796945
-41.09825605
-41.71155764
-42.00317341
-42.01870258
-41.86094438
-41.64099804
-41.42206282
-41.22753799
-41.04462283
-40.84581663
-40.61181872
-40.32632841
-39.97034504
-39.54566797
-39.09029656
-38.64493018
-38.21156825
-37.75981016
-37.26415534
-36.72840322
-36.19465325
-35.71130491
-35.28095766
-34.85421101
-34.38566445
-33.89111751
-33.43826972
-33.08722063
-32.8366698
-32.64081682
-32.46466126
-32.29050274
-32.10594087
-31.90267529
-31.67230564
-31.40243159
-31.0773528
-30.68066896
-30.19557979
-29.60528499
-28.89288429
-28.04147745
-27.02986421
-25.84454435
-24.50841766
-23.07288394
-21.59744299
-20.13769466
-18.70423878
-17.26867521
-15.84630382
-14.5268245
-13.40753713
-12.52894164
-11.87183795
-11.362226
-10.87930575
-10.32007716
-9.67934022
-9.02009492
-8.384941273
-7.798879303
-7.308609049
-6.974530562
-6.80704391
-6.731849172
-6.663946443
-6.562335831
-6.406917458
-6.177091461
-5.846257989
-5.385417208
-4.796669294
-4.148614442
-3.542652856
-3.042984757
-2.66151038
-2.395929972
-2.252743795
-2.231252127
-2.299255256
-2.393453488
-2.43164714
-2.340936545
-2.106722048
-1.766704011
-1.373982806
-0.987958823
-0.664432463
-0.444604143
-0.326974292
-0.252743355
-0.13631179
0.115119931
0.558651322
1.159881883
1.832411099
2.505338443
3.124563373
3.643185332
4.031903751
4.276518044
4.367027616
4.289731852
4.027630128
3.581121803
2.965706223
2.19418272
1.294050613
0.316709204
-0.685342215
-1.685204369
-2.690677996
-3.728363848
-4.817562691
-5.933075304
-6.998102482
-7.912545033
-8.587803778
-8.977279554
-9.06787321
-8.870685611
-8.424617634
-7.791570171
-7.060744129
-6.340140426
-5.718959997
-5.251603791
-4.962872768
-4.849567904
-4.88889019
-5.029240629
-5.18292024
-5.250830053
-5.148471115
-4.836544486
-4.34445124
-3.736792463
-3.079969259
-2.447882743
-1.917534044
-1.515824308
-1.19035469
-0.855826364
-0.421340514
0.199801659
1.053598941
2.124550106
3.35285391
4.655409099
5.937414402
7.101868537
8.059970204
8.731518093
9.061310877
9.063547218
8.816625761
8.441045138
8.077103969
7.843500857
7.820934392
8.019503151
8.392505697
8.906240577
9.542806326
10.26250147
10.9917245
11.66837392
12.29304821
12.90974583
13.57426523
14.34760485
15.28836311
16.43653842
17.77952917
19.25583374
20.7950505
22.32797781
23.794014
25.14975739
26.35960629
27.38985901
28.22091383
28.864969
29.3562228
29.73167345
30.02081919
30.23855822
30.39508875
30.50750896
30.59851702
30.69141109
30.7948893
30.8893498
30.93949068
30.90611007
30.74990603
30.45067664
30.01661996
29.45913404
28.76751691
27.91386658
26.86668105
25.59465832
24.08289636
22.35199312
20.47644656
18.58085462
16.77701519
15.1459262
13.74348553
12.56949107
11.58744066
10.76893216
10.10066341
9.575432225
9.157236412
8.751773765
8.251142061
7.586839066
6.760962531
5.837910192
4.896879771
4.018468979
3.278675508
2.713097041
2.300931244
1.99847577
1.760528257
1.54468633
1.3304476
1.122909664
0.936970105
0.789526492
0.689176378
0.627717306
0.590246801
0.560662377
0.524761533
0.480741754
0.432700509
0.368435257
0.25414344
0.040622487
-0.329830188
-0.916217182
-1.727341111
-2.677604599
-3.66041029
-4.596060837
-5.40815891
-6.040207191
-6.486108379
-6.774565183
-6.92748033
-6.955756558
-6.869396619
-6.684403282
-6.439279327
-6.19882755
-6.037050758
-5.999751776
-6.08993344
-6.297798601
-6.614350124
-7.032190888
-7.557023787
-8.205951727
-8.993877629
-9.919904427
-10.96183507
-12.07057253
-13.17451977
-14.22067978
-15.20165558
-16.12615018
-16.99806661
-17.82250792
-18.60447718
-19.34767745
-20.06131182
-20.77468341
-21.53639531
-22.40355068
-23.42515264
-24.60610437
-25.90880902
-27.2840698
-28.67778989
-30.03947252
-31.34242091
-32.58103831
-33.76182798
-34.91489317
-36.09263719
-37.34196332
-38.65297488
-39.9485752
-41.15826762
-42.27895549
-43.35944218
-44.46183108
-45.62072558
-46.81382909
-47.98954503
-49.09417685
-50.070128
-50.87280194
-51.51860216
-52.09053214
-52.69649541
-53.43129547
-54.31803588
-55.30692017
-56.31785192
-57.26883469
-58.1332721
-58.94606773
-59.76142521
-60.64724819
-61.68234029
-62.9464052
-64.48464657
-66.24986812
-68.12327353
-69.96736653
-71.63705085
-72.99373024
-73.95570845
-74.56738927
-74.97327648
-75.34407388
-75.86418529
-76.71431454
-77.98016548
-79.60254196
-81.45684786
-83.40288706
-85.29356346
-87.04108098
-88.65104354
-90.1691551
-91.6203196
-92.98234101
-94.20312333
-95.22927054
-96.03378666
-96.61947572
-96.98294176
-97.11008883
-96.994621
-96.65184235
-96.14035699
-95.55796901
-94.99778255
-94.52120173
-94.16073073
-93.93237369
-93.85833481
-93.98431827
-94.36322829
-95.03076908
-96.01164489
-97.29635996
-98.79941856
-100.387725
-101.9328835
-103.3398984
-104.574574
-105.6625147
-106.6480248
-107.5389087
-108.2788707
-108.7990152
-109.0964467
-109.2348696
-109.2885882
-109.3100071
-109.3287307
-109.3858634
-109.5441098
-109.8523744
-110.3402616
-111.0522761
-112.0327223
-113.2351048
-114.5189282
-115.7326971
-116.7511161
-117.4946897
-117.9576226
-118.1875195
-118.217485
-118.0332238
-117.5961406
-116.86404
-115.7957268
-114.3592057
-112.5418814
-110.3596587
-107.8951424
-105.3251372
-102.876448
-100.7730795
-99.11833663
-97.81842415
-96.68974693
-95.53210984
-94.16511777
-92.5183756
-90.64788824
-88.66256062
-86.68719767
-84.82350434
-83.0690856
-81.33524642
-79.5039918
-77.42672674
-74.97125627
-72.0792854
-68.75961921
-65.06066273
-61.04582106
-56.77799928
-52.3271025
-47.80423583
-43.3581044
-39.14851337
-35.33346788
-32.00937313
-29.18413428
-26.82335655
-24.86064515
-23.20570531
-21.78544228
-20.55826131
-19.49006767
-18.53816665
-17.66466355
-16.84676369
-16.06757239
-15.30629499
-14.53823685
-13.74880334
-12.94729984
-12.15423175
-11.37970449
-10.61942347
-9.857594142
-9.061421955
-8.184012377
-7.175770891
-5.987202992
-4.58211419
-2.960610008
-1.160195984
0.757222329
2.725539367
4.70034955
6.661147283
8.59462696
10.48078296
12.29770964
14.05930136
15.82035245
17.63485724
19.53781003
21.54460512
23.64633679
25.8034993
27.9626869
30.07919384
32.12611434
34.10584261
36.03827285
37.93279924
39.77861594
41.55941711
43.2608969
44.87084942
46.39166879
47.84124911
49.22978447
50.54216893
51.75049655
52.83386137
53.77205743
54.54257873
55.14801928
55.62207305
56.01293404
56.37139619
56.72895344
57.08049974
57.40452899
57.6861351
57.91211195
58.06615343
58.12355339
58.05010567
57.81410412
57.40454254
56.83461475
56.12901453
55.31933567
54.44707192
53.56881702
52.74776473
52.03490875
51.4578428
51.01426057
50.66955573
50.36702195
50.05265288
49.68384215
49.2301834
48.6931702