 
 ETABS v9.6.0  File:EXAM7  Units:N-mm  December 8, 2012 16:49  PAGE 1
 
 T I M E   H I S T O R Y   D A T A 
 
 FUNCTION  Joint5:  Joint 5  Story STORY6  Displacement  UX
 
       TIME    FUNCTION
                 Joint5
    0.00000     0.00000
    0.01000  -1.322E-04
    0.02000  -8.243E-04
    0.03000    -0.00232
    0.04000    -0.00396
    0.05000    -0.00490
    0.06000    -0.00477
    0.07000    -0.00362
    0.08000    -0.00171
    0.09000   9.703E-04
    0.10000     0.00480
    0.11000     0.01014
    0.12000     0.01656
    0.13000     0.02329
    0.14000     0.03015
    0.15000     0.03713
    0.16000     0.04424
    0.17000     0.05102
    0.18000     0.05620
    0.19000     0.05890
    0.20000     0.05940
    0.21000     0.05862
    0.22000     0.05740
    0.23000     0.05608
    0.24000     0.05471
    0.25000     0.05320
    0.26000     0.05100
    0.27000     0.04768
    0.28000     0.04363
    0.29000     0.03963
    0.30000     0.03657
    0.31000     0.03463
    0.32000     0.03291
    0.33000     0.03025
    0.34000     0.02587
    0.35000     0.01988
    0.36000     0.01307
    0.37000     0.00637
    0.38000   4.729E-04
    0.39000    -0.00440
    0.40000    -0.00882
    0.41000    -0.01358
    0.42000    -0.01886
    0.43000    -0.02425
    0.44000    -0.02892
    0.45000    -0.03222
    0.46000    -0.03395
    0.47000    -0.03433
    0.48000    -0.03396
    0.49000    -0.03346
    0.50000    -0.03346
    0.51000    -0.03418
    0.52000    -0.03470
    0.53000    -0.03390
    0.54000    -0.03142
    0.55000    -0.02774
    0.56000    -0.02378
    0.57000    -0.02007
    0.58000    -0.01633
    0.59000    -0.01181
    0.60000    -0.00562
    0.61000     0.00266
    0.62000     0.01234
    0.63000     0.02222
    0.64000     0.03083
    0.65000     0.03723
    0.66000     0.04230
    0.67000     0.04741
    0.68000     0.05305
    0.69000     0.05867
    0.70000     0.06296
    0.71000     0.06509
    0.72000     0.06539
    0.73000     0.06498
    0.74000     0.06569
    0.75000     0.06877
    0.76000     0.07377
    0.77000     0.07939
    0.78000     0.08442
    0.79000     0.08828
    0.80000     0.09156
    0.81000     0.09485
    0.82000     0.09725
    0.83000     0.09701
    0.84000     0.09275
    0.85000     0.08371
    0.86000     0.06974
    0.87000     0.05087
    0.88000     0.02744
    0.89000   3.078E-04
    0.90000    -0.02892
    0.91000    -0.05869
    0.92000    -0.08858
    0.93000    -0.11831
    0.94000    -0.14636
    0.95000    -0.17044
    0.96000    -0.18833
    0.97000    -0.19886
    0.98000    -0.20248
    0.99000    -0.19990
    1.00000    -0.19092
    1.01000    -0.17524
    1.02000    -0.15391
    1.03000    -0.12854
    1.04000    -0.10005
    1.05000    -0.06884
    1.06000    -0.03543
    1.07000  -7.774E-04
    1.08000     0.03426
    1.09000     0.06947
    1.10000     0.10565
    1.11000     0.14362
    1.12000     0.18244
    1.13000     0.22080
    1.14000     0.25881
    1.15000     0.29718
    1.16000     0.33597
    1.17000     0.37385
    1.18000     0.40846
    1.19000     0.43777
    1.20000     0.46095
    1.21000     0.47759
    1.22000     0.48666
    1.23000     0.48708
    1.24000     0.47909
    1.25000     0.46332
    1.26000     0.43880
    1.27000     0.40372
    1.28000     0.35594
    1.29000     0.29489
    1.30000     0.22319
    1.31000     0.14383
    1.32000     0.05906
    1.33000    -0.03041
    1.34000    -0.12532
    1.35000    -0.22556
    1.36000    -0.32902
    1.37000    -0.43177
    1.38000    -0.52833
    1.39000    -0.61361
    1.40000    -0.68452
    1.41000    -0.74000
    1.42000    -0.78077
    1.43000    -0.80721
    1.44000    -0.81776
    1.45000    -0.81012
    1.46000    -0.78311
    1.47000    -0.73760
    1.48000    -0.67753
    1.49000    -0.60775
    1.50000    -0.53191
    1.51000    -0.45224
    1.52000    -0.36920
    1.53000    -0.28287
    1.54000    -0.19425
    1.55000    -0.10503
    1.56000    -0.01806
    1.57000     0.06403
    1.58000     0.13945
    1.59000     0.20723
    1.60000     0.26727
    1.61000     0.31925
    1.62000     0.36310
    1.63000     0.39801
    1.64000     0.42214
    1.65000     0.43370
    1.66000     0.43145
    1.67000     0.41586
    1.68000     0.38957
    1.69000     0.35580
    1.70000     0.31679
    1.71000     0.27344
    1.72000     0.22572
    1.73000     0.17423
    1.74000     0.12195
    1.75000     0.07296
    1.76000     0.03098
    1.77000    -0.00143
    1.78000    -0.02378
    1.79000    -0.03641
    1.80000    -0.03968
    1.81000    -0.03387
    1.82000    -0.02019
    1.83000  -2.162E-04
    1.84000     0.02443
    1.85000     0.05184
    1.86000     0.07970
    1.87000     0.10533
    1.88000     0.12707
    1.89000     0.14396
    1.90000     0.15517
    1.91000     0.16021
    1.92000     0.15806
    1.93000     0.14838
    1.94000     0.13227
    1.95000     0.11126
    1.96000     0.08662
    1.97000     0.05832
    1.98000     0.02468
    1.99000    -0.01608
    2.00000    -0.06467
    2.01000    -0.12087
    2.02000    -0.18316
    2.03000    -0.25020
    2.04000    -0.32167
    2.05000    -0.39798
    2.06000    -0.48021
    2.07000    -0.56845
    2.08000    -0.66090
    2.09000    -0.75457
    2.10000    -0.84642
    2.11000    -0.93446
    2.12000    -1.01795
    2.13000    -1.09734
    2.14000    -1.17457
    2.15000    -1.25190
    2.16000    -1.33192
    2.17000    -1.41665
    2.18000    -1.50710
    2.19000    -1.60373
    2.20000    -1.70421
    2.21000    -1.80606
    2.22000    -1.90711
    2.23000    -2.00517
    2.24000    -2.09920
    2.25000    -2.18579
    2.26000    -2.25753
    2.27000    -2.30534
    2.28000    -2.32032
    2.29000    -2.29717
    2.30000    -2.23482
    2.31000    -2.13403
    2.32000    -1.99462
    2.33000    -1.81493
    2.34000    -1.59294
    2.35000    -1.32824
    2.36000    -1.02654
    2.37000    -0.69765
    2.38000    -0.35683
    2.39000    -0.02022
    2.40000     0.29839
    2.41000     0.58733
    2.42000     0.83904
    2.43000     1.04589
    2.44000     1.20000
    2.45000     1.29336
    2.46000     1.31896
    2.47000     1.27466
    2.48000     1.16554
    2.49000     1.00295
    2.50000     0.80473
    2.51000     0.58884
    2.52000     0.36981
    2.53000     0.15845
    2.54000    -0.03824
    2.55000    -0.21290
    2.56000    -0.35748
    2.57000    -0.46389
    2.58000    -0.52617
    2.59000    -0.54341
    2.60000    -0.52070
    2.61000    -0.46720
    2.62000    -0.39282
    2.63000    -0.30472
    2.64000    -0.20494
    2.65000    -0.09140
    2.66000     0.03957
    2.67000     0.19127
    2.68000     0.36571
    2.69000     0.56403
    2.70000     0.78766
    2.71000     1.03883
    2.72000     1.32075
    2.73000     1.63632
    2.74000     1.98601
    2.75000     2.36630
    2.76000     2.76726
    2.77000     3.17494
    2.78000     3.57233
    2.79000     3.94257
    2.80000     4.26928
    2.81000     4.53765
    2.82000     4.73561
    2.83000     4.85297
    2.84000     4.88411
    2.85000     4.82583
    2.86000     4.67879
    2.87000     4.44809
    2.88000     4.14495
    2.89000     3.78580
    2.90000     3.39021
    2.91000     2.97799
    2.92000     2.56640
    2.93000     2.16969
    2.94000     1.79849
    2.95000     1.46071
    2.96000     1.16149
    2.97000     0.90351
    2.98000     0.68620
    2.99000     0.50620
    3.00000     0.35754
    3.01000     0.23316
    3.02000     0.12753
    3.03000     0.03708
    3.04000    -0.03954
    3.05000    -0.10161
    3.06000    -0.14765
    3.07000    -0.17468
    3.08000    -0.17880
    3.09000    -0.15625
    3.10000    -0.10445
    3.11000    -0.02317
    3.12000     0.08545
    3.13000     0.21686
    3.14000     0.36382
    3.15000     0.51730
    3.16000     0.66666
    3.17000     0.80115
    3.18000     0.91085
    3.19000     0.98696
    3.20000     1.02242
    3.21000     1.01177
    3.22000     0.95092
    3.23000     0.83816
    3.24000     0.67465
    3.25000     0.46406
    3.26000     0.21267
    3.27000    -0.07310
    3.28000    -0.38792
    3.29000    -0.72810
    3.30000    -1.09118
    3.31000    -1.47460
    3.32000    -1.87450
    3.33000    -2.28580
    3.34000    -2.70113
    3.35000    -3.11271
    3.36000    -3.51252
    3.37000    -3.89291
    3.38000    -4.24730
    3.39000    -4.56821
    3.40000    -4.84791
    3.41000    -5.07748
    3.42000    -5.24760
    3.43000    -5.35122
    3.44000    -5.38534
    3.45000    -5.35152
    3.46000    -5.25524
    3.47000    -5.10356
    3.48000    -4.90366
    3.49000    -4.66152
    3.50000    -4.38086
    3.51000    -4.06539
    3.52000    -3.72038
    3.53000    -3.35239
    3.54000    -2.96896
    3.55000    -2.57594
    3.56000    -2.17710
    3.57000    -1.77398
    3.58000    -1.36702
    3.59000    -0.95800
    3.60000    -0.55059
    3.61000    -0.15127
    3.62000     0.23201
    3.63000     0.59095
    3.64000     0.91791
    3.65000     1.20728
    3.66000     1.45492
    3.67000     1.65827
    3.68000     1.81738
    3.69000     1.93369
    3.70000     2.01214
    3.71000     2.05926
    3.72000     2.08275
    3.73000     2.09219
    3.74000     2.09817
    3.75000     2.11223
    3.76000     2.14385
    3.77000     2.19887
    3.78000     2.27593
    3.79000     2.36870
    3.80000     2.46637
    3.81000     2.55639
    3.82000     2.62592
    3.83000     2.66214
    3.84000     2.65477
    3.85000     2.59542
    3.86000     2.48194
    3.87000     2.31596
    3.88000     2.10302
    3.89000     1.85318
    3.90000     1.57987
    3.91000     1.30105
    3.92000     1.03659
    3.93000     0.80546
    3.94000     0.62243
    3.95000     0.49537
    3.96000     0.42307
    3.97000     0.39786
    3.98000     0.40774
    3.99000     0.43962
    4.00000     0.48335
    4.01000     0.52938
    4.02000     0.56861
    4.03000     0.59166
    4.04000     0.58908
    4.05000     0.55658
    4.06000     0.49776
    4.07000     0.42398
    4.08000     0.35264
    4.09000     0.30109
    4.10000     0.28228
    4.11000     0.30314
    4.12000     0.36463
    4.13000     0.46472
    4.14000     0.60137
    4.15000     0.77178
    4.16000     0.97095
    4.17000     1.19032
    4.18000     1.41651
    4.19000     1.63442
    4.20000     1.82889
    4.21000     1.98822
    4.22000     2.10457
    4.23000     2.17430
    4.24000     2.19691
    4.25000     2.17249
    4.26000     2.10098
    4.27000     1.98074
    4.28000     1.81042
    4.29000     1.58927
    4.30000     1.31777
    4.31000     0.99766
    4.32000     0.63096
    4.33000     0.21976
    4.34000    -0.23383
    4.35000    -0.72775
    4.36000    -1.25890
    4.37000    -1.82292
    4.38000    -2.41369
    4.39000    -3.02310
    4.40000    -3.64193
    4.41000    -4.26044
    4.42000    -4.86888
    4.43000    -5.45822
    4.44000    -6.01878
    4.45000    -6.54116
    4.46000    -7.01448
    4.47000    -7.42718
    4.48000    -7.76606
    4.49000    -8.01783
    4.50000    -8.17138
    4.51000    -8.21739
    4.52000    -8.15046
    4.53000    -7.96681
    4.54000    -7.66464
    4.55000    -7.24419
    4.56000    -6.70802
    4.57000    -6.06263
    4.58000    -5.31842
    4.59000    -4.48901
    4.60000    -3.58984
    4.61000    -2.63629
    4.62000    -1.64236
    4.63000    -0.62058
    4.64000     0.41700
    4.65000     1.45854
    4.66000     2.49109
    4.67000     3.50165
    4.68000     4.47646
    4.69000     5.40216
    4.70000     6.26524
    4.71000     7.05204
    4.72000     7.74904
    4.73000     8.34236
    4.74000     8.82038
    4.75000     9.17232
    4.76000     9.38906
    4.77000     9.46416
    4.78000     9.39428
    4.79000     9.18085
    4.80000     8.82900
    4.81000     8.34692
    4.82000     7.74376
    4.83000     7.02910
    4.84000     6.21381
    4.85000     5.30972
    4.86000     4.33220
    4.87000     3.29751
    4.88000     2.22290
    4.89000     1.12519
    4.90000     0.01929
    4.91000    -1.07990
    4.92000    -2.15811
    4.93000    -3.20007
    4.94000    -4.19052
    4.95000    -5.11464
    4.96000    -5.95854
    4.97000    -6.71062
    4.98000    -7.36146
    4.99000    -7.90435
    5.00000    -8.33529
    5.01000    -8.65180
    5.02000    -8.85231
    5.03000    -8.93591
    5.04000    -8.90228
    5.05000    -8.75259
    5.06000    -8.48906
    5.07000    -8.11472
    5.08000    -7.63210
    5.09000    -7.04329
    5.10000    -6.35061
    5.11000    -5.55682
    5.12000    -4.66643
    5.13000    -3.68547
    5.14000    -2.62128
    5.15000    -1.48320
    5.16000    -0.28232
    5.17000     0.96813
    5.18000     2.25244
    5.19000     3.55381
    5.20000     4.85438
    5.21000     6.13671
    5.22000     7.38412
    5.23000     8.58060
    5.24000     9.71090
    5.25000    10.76057
    5.26000    11.71660
    5.27000    12.56797
    5.28000    13.30588
    5.29000    13.92388
    5.30000    14.41755
    5.31000    14.78384
    5.32000    15.02056
    5.33000    15.12612
    5.34000    15.09987
    5.35000    14.94238
    5.36000    14.65591
    5.37000    14.24429
    5.38000    13.71209
    5.39000    13.06448
    5.40000    12.30554
    5.41000    11.43962
    5.42000    10.47095
    5.43000     9.40475
    5.44000     8.24797
    5.45000     7.00870
    5.46000     5.69717
    5.47000     4.32451
    5.48000     2.90408
    5.49000     1.45066
    5.50000    -0.01911
    5.51000    -1.48673
    5.52000    -2.93228
    5.53000    -4.33468
    5.54000    -5.67314
    5.55000    -6.92799
    5.56000    -8.08205
    5.57000    -9.12115
    5.58000   -10.03462
    5.59000   -10.81502
    5.60000   -11.45789
    5.61000   -11.96152
    5.62000   -12.32677
    5.63000   -12.55702
    5.64000   -12.65817
    5.65000   -12.63777
    5.66000   -12.50453
    5.67000   -12.26706
    5.68000   -11.93350
    5.69000   -11.51140
    5.70000   -11.00778
    5.71000   -10.43005
    5.72000    -9.78613
    5.73000    -9.08508
    5.74000    -8.33692
    5.75000    -7.55245
    5.76000    -6.74277
    5.77000    -5.91922
    5.78000    -5.09342
    5.79000    -4.27736
    5.80000    -3.48329
    5.81000    -2.72298
    5.82000    -2.00607
    5.83000    -1.34016
    5.84000    -0.73010
    5.85000    -0.17911
    5.86000     0.30982
    5.87000     0.73459
    5.88000     1.09345
    5.89000     1.38556
    5.90000     1.61010
    5.91000     1.76607
    5.92000     1.85229
    5.93000     1.86713
    5.94000     1.80964
    5.95000     1.67894
    5.96000     1.47474
    5.97000     1.19783
    5.98000     0.85063
    5.99000     0.43805
    6.00000    -0.03215
    6.01000    -0.54997
    6.02000    -1.10305
    6.03000    -1.67832
    6.04000    -2.26317
    6.05000    -2.84554
    6.06000    -3.41461
    6.07000    -3.95996
    6.08000    -4.47156
    6.09000    -4.94070
    6.10000    -5.36043
    6.11000    -5.72645
    6.12000    -6.03667
    6.13000    -6.29032
    6.14000    -6.48746
    6.15000    -6.62777
    6.16000    -6.71096
    6.17000    -6.73613
    6.18000    -6.70233
    6.19000    -6.60907
    6.20000    -6.45632
    6.21000    -6.24503
    6.22000    -5.97649
    6.23000    -5.65235
    6.24000    -5.27430
    6.25000    -4.84427
    6.26000    -4.36461
    6.27000    -3.83846
    6.28000    -3.26969
    6.29000    -2.66293
    6.30000    -2.02305
    6.31000    -1.35486
    6.32000    -0.66308
    6.33000     0.04783
    6.34000     0.77297
    6.35000     1.50712
    6.36000     2.24445
    6.37000     2.97832
    6.38000     3.70095
    6.39000     4.40376
    6.40000     5.07776
    6.41000     5.71419
    6.42000     6.30486
    6.43000     6.84226
    6.44000     7.31975
    6.45000     7.73165
    6.46000     8.07387
    6.47000     8.34392
    6.48000     8.54094
    6.49000     8.66573
    6.50000     8.72039
    6.51000     8.70817
    6.52000     8.63262
    6.53000     8.49732
    6.54000     8.30552
    6.55000     8.06006
    6.56000     7.76369
    6.57000     7.41900
    6.58000     7.02878
    6.59000     6.59586
    6.60000     6.12314
    6.61000     5.61389
    6.62000     5.07147
    6.63000     4.50012
    6.64000     3.90507
    6.65000     3.29251
    6.66000     2.66913
    6.67000     2.04167
    6.68000     1.41679
    6.69000     0.80083
    6.70000     0.20008
    6.71000    -0.37964
    6.72000    -0.93337
    6.73000    -1.45683
    6.74000    -1.94630
    6.75000    -2.39828
    6.76000    -2.80878
    6.77000    -3.17398
    6.78000    -3.49022
    6.79000    -3.75422
    6.80000    -3.96323
    6.81000    -4.11455
    6.82000    -4.20577
    6.83000    -4.23478
    6.84000    -4.20004
    6.85000    -4.10114
    6.86000    -3.93899
    6.87000    -3.71599
    6.88000    -3.43557
    6.89000    -3.10198
    6.90000    -2.71992
    6.91000    -2.29444
    6.92000    -1.83120
    6.93000    -1.33620
    6.94000    -0.81611
    6.95000    -0.27785
    6.96000     0.27097
    6.97000     0.82252
    6.98000     1.36848
    6.99000     1.90047
    7.00000     2.41022
    7.01000     2.88957
    7.02000     3.33126
    7.03000     3.72846
    7.04000     4.07573
    7.05000     4.36851
    7.06000     4.60319
    7.07000     4.77739
    7.08000     4.88949
    7.09000     4.93947
    7.10000     4.92851
    7.11000     4.85871
    7.12000     4.73277
    7.13000     4.55319
    7.14000     4.32260
    7.15000     4.04362
    7.16000     3.71976
    7.17000     3.35488
    7.18000     2.95187
    7.19000     2.51373
    7.20000     2.04366
    7.21000     1.54606
    7.22000     1.02780
    7.23000     0.49677
    7.24000    -0.03789
    7.25000    -0.56682
    7.26000    -1.08042
    7.27000    -1.56860
    7.28000    -2.02188
    7.29000    -2.43092
    7.30000    -2.78778
    7.31000    -3.08585
    7.32000    -3.32045
    7.33000    -3.48935
    7.34000    -3.59249
    7.35000    -3.63165
    7.36000    -3.60914
    7.37000    -3.52756
    7.38000    -3.38952
    7.39000    -3.19751
    7.40000    -2.95408
    7.41000    -2.66158
    7.42000    -2.32258
    7.43000    -1.93974
    7.44000    -1.51641
    7.45000    -1.05648
    7.46000    -0.56528
    7.47000    -0.04949
    7.48000     0.48213
    7.49000     1.01912
    7.50000     1.54987
    7.51000     2.06185
    7.52000     2.54239
    7.53000     2.97896
    7.54000     3.35970
    7.55000     3.67443
    7.56000     3.91533
    7.57000     4.07753
    7.58000     4.16001
    7.59000     4.16448
    7.60000     4.09557
    7.61000     3.95924
    7.62000     3.76227
    7.63000     3.51212
    7.64000     3.21657
    7.65000     2.88383
    7.66000     2.52183
    7.67000     2.13774
    7.68000     1.73767
    7.69000     1.32622
    7.70000     0.90650
    7.71000     0.48091
    7.72000     0.05160
    7.73000    -0.37838
    7.74000    -0.80500
    7.75000    -1.22337
    7.76000    -1.62826
    7.77000    -2.01474
    7.78000    -2.37828
    7.79000    -2.71479
    7.80000    -3.02066
    7.81000    -3.29250
    7.82000    -3.52738
    7.83000    -3.72307
    7.84000    -3.87839
    7.85000    -3.99371
    7.86000    -4.07073
    7.87000    -4.11244
    7.88000    -4.12298
    7.89000    -4.10681
    7.90000    -4.06912
    7.91000    -4.01463
    7.92000    -3.94749
    7.93000    -3.87177
    7.94000    -3.79195
    7.95000    -3.71322
    7.96000    -3.64074
    7.97000    -3.57897
    7.98000    -3.53009
    7.99000    -3.49468
    8.00000    -3.47134
    8.01000    -3.45799
    8.02000    -3.45197
    8.03000    -3.45019
    8.04000    -3.44883
    8.05000    -3.44318
    8.06000    -3.42774
    8.07000    -3.39656
    8.08000    -3.34397
    8.09000    -3.26537
    8.10000    -3.15786
    8.11000    -3.02031
    8.12000    -2.85321
    8.13000    -2.65816
    8.14000    -2.43785
    8.15000    -2.19545
    8.16000    -1.93479
    8.17000    -1.65997
    8.18000    -1.37495
    8.19000    -1.08369
    8.20000    -0.78995
    8.21000    -0.49698
    8.22000    -0.20706
    8.23000     0.07860
    8.24000     0.35945
    8.25000     0.63503
    8.26000     0.90376
    8.27000     1.16340
    8.28000     1.41135
    8.29000     1.64483
    8.30000     1.86096
    8.31000     2.05652
    8.32000     2.22807
    8.33000     2.37221
    8.34000     2.48580
    8.35000     2.56636
    8.36000     2.61234
    8.37000     2.62325
    8.38000     2.59968
    8.39000     2.54320
    8.40000     2.45590
    8.41000     2.34034
    8.42000     2.19955
    8.43000     2.03681
    8.44000     1.85564
    8.45000     1.65941
    8.46000     1.45158
    8.47000     1.23555
    8.48000     1.01482
    8.49000     0.79292
    8.50000     0.57319
    8.51000     0.35911
    8.52000     0.15430
    8.53000    -0.03724
    8.54000    -0.21128
    8.55000    -0.36364
    8.56000    -0.49048
    8.57000    -0.58837
    8.58000    -0.65369
    8.59000    -0.68323
    8.60000    -0.67435
    8.61000    -0.62516
    8.62000    -0.53453
    8.63000    -0.40173
    8.64000    -0.22617
    8.65000    -0.00774
    8.66000     0.25271
    8.67000     0.55347
    8.68000     0.89167
    8.69000     1.26391
    8.70000     1.66605
    8.71000     2.09336
    8.72000     2.54027
    8.73000     3.00048
    8.74000     3.46678
    8.75000     3.93137
    8.76000     4.38597
    8.77000     4.82237
    8.78000     5.23296
    8.79000     5.61078
    8.80000     5.94935
    8.81000     6.24267
    8.82000     6.48510
    8.83000     6.67174
    8.84000     6.79827
    8.85000     6.86115
    8.86000     6.85742
    8.87000     6.78480
    8.88000     6.64193
    8.89000     6.42814
    8.90000     6.14369
    8.91000     5.78958
    8.92000     5.36812
    8.93000     4.88308
    8.94000     4.34039
    8.95000     3.74743
    8.96000     3.11216
    8.97000     2.44320
    8.98000     1.74947
    8.99000     1.04050
    9.00000     0.32633
    9.01000    -0.38324
    9.02000    -1.07941
    9.03000    -1.75443
    9.04000    -2.40117
    9.05000    -3.01331
    9.06000    -3.58527
    9.07000    -4.11227
    9.08000    -4.59019
    9.09000    -5.01517
    9.10000    -5.38376
    9.11000    -5.69262
    9.12000    -5.93834
    9.13000    -6.11771
    9.14000    -6.22777
    9.15000    -6.26640
    9.16000    -6.23304
    9.17000    -6.12835
    9.18000    -5.95436
    9.19000    -5.71410
    9.20000    -5.41198
    9.21000    -5.05375
    9.22000    -4.64611
    9.23000    -4.19662
    9.24000    -3.71291
    9.25000    -3.20282
    9.26000    -2.67422
    9.27000    -2.13450
    9.28000    -1.59065
    9.29000    -1.04872
    9.30000    -0.51387
    9.31000     0.00925
    9.32000     0.51629
    9.33000     1.00290
    9.34000     1.46505
    9.35000     1.89866
    9.36000     2.29949
    9.37000     2.66335
    9.38000     2.98587
    9.39000     3.26295
    9.40000     3.49051
    9.41000     3.66468
    9.42000     3.78168
    9.43000     3.83829
    9.44000     3.83231
    9.45000     3.76289
    9.46000     3.63105
    9.47000     3.43920
    9.48000     3.19120
    9.49000     2.89172
    9.50000     2.54581
    9.51000     2.15903
    9.52000     1.73719
    9.53000     1.28652
    9.54000     0.81317
    9.55000     0.32316
    9.56000    -0.17762
    9.57000    -0.68378
    9.58000    -1.18994
    9.59000    -1.69117
    9.60000    -2.18281
    9.61000    -2.66009
    9.62000    -3.11799
    9.63000    -3.55074
    9.64000    -3.95189
    9.65000    -4.31476
    9.66000    -4.63259
    9.67000    -4.89932
    9.68000    -5.10996
    9.69000    -5.26059
    9.70000    -5.34870
    9.71000    -5.37263
    9.72000    -5.33152
    9.73000    -5.22557
    9.74000    -5.05603
    9.75000    -4.82587
    9.76000    -4.53973
    9.77000    -4.20325
    9.78000    -3.82255
    9.79000    -3.40326
    9.80000    -2.95031
    9.81000    -2.46808
    9.82000    -1.96053
    9.83000    -1.43189
    9.84000    -0.88656
    9.85000    -0.32940
    9.86000     0.23434
    9.87000     0.79939
    9.88000     1.36011
    9.89000     1.91092
    9.90000     2.44597
    9.91000     2.95904
    9.92000     3.44392
    9.93000     3.89404
    9.94000     4.30280
    9.95000     4.66396
    9.96000     4.97131
    9.97000     5.21990
    9.98000     5.40588
    9.99000     5.52665
   10.00000     5.58057
   10.01000     5.56625
   10.02000     5.48285
   10.03000     5.32993
   10.04000     5.10808
   10.05000     4.81907
   10.06000     4.46576
   10.07000     4.05216
   10.08000     3.58332
   10.09000     3.06489
   10.10000     2.50278
   10.11000     1.90314
   10.12000     1.27259
   10.13000     0.61848
   10.14000    -0.05112
   10.15000    -0.72767
   10.16000    -1.40280
   10.17000    -2.06838
   10.18000    -2.71632
   10.19000    -3.33892
   10.20000    -3.92865
   10.21000    -4.47831
   10.22000    -4.98065
   10.23000    -5.42855
   10.24000    -5.81541
   10.25000    -6.13541
   10.26000    -6.38432
   10.27000    -6.55888
   10.28000    -6.65652
   10.29000    -6.67551
   10.30000    -6.61498
   10.31000    -6.47563
   10.32000    -6.26011
   10.33000    -5.97258
   10.34000    -5.61883
   10.35000    -5.20543
   10.36000    -4.73954
   10.37000    -4.22863
   10.38000    -3.68012
   10.39000    -3.10193
   10.40000    -2.50247
   10.41000    -1.89048
   10.42000    -1.27481
   10.43000    -0.66359
   10.44000    -0.06408
   10.45000     0.51718
   10.46000     1.07390
   10.47000     1.59965
   10.48000     2.08772
   10.49000     2.53130
   10.50000     2.92364
   10.51000     3.25871
   10.52000     3.53166
   10.53000     3.73887
   10.54000     3.87812
   10.55000     3.94809
   10.56000     3.94884
   10.57000     3.88157
   10.58000     3.74920
   10.59000     3.55630
   10.60000     3.30895
   10.61000     3.01459
   10.62000     2.68137
   10.63000     2.31772
   10.64000     1.93187
   10.65000     1.53140
   10.66000     1.12308
   10.67000     0.71296
   10.68000     0.30637
   10.69000    -0.09184
   10.70000    -0.47746
   10.71000    -0.84680
   10.72000    -1.19682
   10.73000    -1.52489
   10.74000    -1.82854
   10.75000    -2.10520
   10.76000    -2.35177
   10.77000    -2.56478
   10.78000    -2.74035
   10.79000    -2.87486
   10.80000    -2.96569
   10.81000    -3.01116
   10.82000    -3.01061
   10.83000    -2.96401
   10.84000    -2.87178
   10.85000    -2.73507
   10.86000    -2.55574
   10.87000    -2.33670
   10.88000    -2.08164
   10.89000    -1.79475
   10.90000    -1.48037
   10.91000    -1.14237
   10.92000    -0.78381
   10.93000    -0.40716
   10.94000    -0.01466
   10.95000     0.39111
   10.96000     0.80665
   10.97000     1.22799
   10.98000     1.65055
   10.99000     2.06968
   11.00000     2.48067
   11.01000     2.87850
   11.02000     3.25779
   11.03000     3.61259
   11.04000     3.93656
   11.05000     4.22354
   11.06000     4.46802
   11.07000     4.66582
   11.08000     4.81414
   11.09000     4.91160
   11.10000     4.95807
   11.11000     4.95421
   11.12000     4.90126
   11.13000     4.80081
   11.14000     4.65459
   11.15000     4.46480
   11.16000     4.23388
   11.17000     3.96458
   11.18000     3.65970
   11.19000     3.32176
   11.20000     2.95307
   11.21000     2.55576
   11.22000     2.13229
   11.23000     1.68580
   11.24000     1.22054
   11.25000     0.74187
   11.26000     0.25599
   11.27000    -0.23035
   11.28000    -0.71014
   11.29000    -1.17633
   11.30000    -1.62186
   11.31000    -2.03983
   11.32000    -2.42345
   11.33000    -2.76645
   11.34000    -3.06357
   11.35000    -3.31068
   11.36000    -3.50522
   11.37000    -3.64584
   11.38000    -3.73224
   11.39000    -3.76476
   11.40000    -3.74394
   11.41000    -3.67067
   11.42000    -3.54600
   11.43000    -3.37138
   11.44000    -3.14877
   11.45000    -2.88035
   11.46000    -2.56842
   11.47000    -2.21520
   11.48000    -1.82284
   11.49000    -1.39389
   11.50000    -0.93152
   11.51000    -0.43984
   11.52000     0.07596
   11.53000     0.60992
   11.54000     1.15522
   11.55000     1.70468
   11.56000     2.25056
   11.57000     2.78486
   11.58000     3.29911
   11.59000     3.78478
   11.60000     4.23373
   11.61000     4.63833
   11.62000     4.99160
   11.63000     5.28736
   11.64000     5.52041
   11.65000     5.68680
   11.66000     5.78416
   11.67000     5.81140
   11.68000     5.76865
   11.69000     5.65690
   11.70000     5.47799
   11.71000     5.23463
   11.72000     4.93025
   11.73000     4.56913
   11.74000     4.15642
   11.75000     3.69789
   11.76000     3.19976
   11.77000     2.66821
   11.78000     2.10918
   11.79000     1.52855
   11.80000     0.93229
   11.81000     0.32678
   11.82000    -0.28122
   11.83000    -0.88472
   11.84000    -1.47653
   11.85000    -2.04973
   11.86000    -2.59787
   11.87000    -3.11502
   11.88000    -3.59577
   11.89000    -4.03483
   11.90000    -4.42706
   11.91000    -4.76767
   11.92000    -5.05250
   11.93000    -5.27851
   11.94000    -5.44377
   11.95000    -5.54750
   11.96000    -5.58990
   11.97000    -5.57184
   11.98000    -5.49494
   11.99000    -5.36130
   12.00000    -5.17359
   12.01000    -4.93521
   12.02000    -4.65040
   12.03000    -4.32415
   12.04000    -3.96188
   12.05000    -3.56915
   12.06000    -3.15142
   12.07000    -2.71403
   12.08000    -2.26229
   12.09000    -1.80161
   12.10000    -1.33751
   12.11000    -0.87569
   12.12000    -0.42207
   12.13000     0.01750
   12.14000     0.43729
   12.15000     0.83188
   12.16000     1.19595
   12.17000     1.52435
   12.18000     1.81219
   12.19000     2.05485
   12.20000     2.24843
   12.21000     2.38967
   12.22000     2.47628
   12.23000     2.50705
   12.24000     2.48229
   12.25000     2.40363
   12.26000     2.27432
   12.27000     2.09867
   12.28000     1.88194
   12.29000     1.63007
   12.30000     1.34941
   12.31000     1.04671
   12.32000     0.72872
   12.33000     0.40217
   12.34000     0.07324
   12.35000    -0.25260
   12.36000    -0.57091
   12.37000    -0.87823
   12.38000    -1.17205
   12.39000    -1.45046
   12.40000    -1.71192
   12.41000    -1.95493
   12.42000    -2.17768
   12.43000    -2.37820
   12.44000    -2.55419
   12.45000    -2.70341
   12.46000    -2.82369
   12.47000    -2.91291
   12.48000    -2.96916
   12.49000    -2.99064
   12.50000    -2.97592
   12.51000    -2.92424
   12.52000    -2.83564
   12.53000    -2.71132
   12.54000    -2.55351
   12.55000    -2.36536
   12.56000    -2.15053
   12.57000    -1.91278
   12.58000    -1.65573
   12.59000    -1.38271
   12.60000    -1.09671
   12.61000    -0.80047
   12.62000    -0.49633
   12.63000    -0.18629
   12.64000     0.12834
   12.65000     0.44668
   12.66000     0.76813
   12.67000     1.09214
   12.68000     1.41791
   12.69000     1.74439
   12.70000     2.07044
   12.71000     2.39473
   12.72000     2.71620
   12.73000     3.03374
   12.74000     3.34624
   12.75000     3.65244
   12.76000     3.95016
   12.77000     4.23704
   12.78000     4.50976
   12.79000     4.76497
   12.80000     4.99875
   12.81000     5.20671
   12.82000     5.38369
   12.83000     5.52375
   12.84000     5.62051
   12.85000     5.66764
   12.86000     5.65938
   12.87000     5.59107
   12.88000     5.45967
   12.89000     5.26377
   12.90000     5.00400
   12.91000     4.68248
   12.92000     4.30286
   12.93000     3.87015
   12.94000     3.39096
   12.95000     2.87324
   12.96000     2.32605
   12.97000     1.75869
   12.98000     1.18012
   12.99000     0.59842
   13.00000     0.02062
   13.01000    -0.54715
   13.02000    -1.09948
   13.03000    -1.63138
   13.04000    -2.13819
   13.05000    -2.61552
   13.06000    -3.05935
   13.07000    -3.46604
   13.08000    -3.83215
   13.09000    -4.15437
   13.10000    -4.42951
   13.11000    -4.65442
   13.12000    -4.82614
   13.13000    -4.94214
   13.14000    -5.00051
   13.15000    -5.00044
   13.16000    -4.94241
   13.17000    -4.82817
   13.18000    -4.66057
   13.19000    -4.44318
   13.20000    -4.18014
   13.21000    -3.87614
   13.22000    -3.53643
   13.23000    -3.16675
   13.24000    -2.77328
   13.25000    -2.36235
   13.26000    -1.94015
   13.27000    -1.51264
   13.28000    -1.08545
   13.29000    -0.66400
   13.30000    -0.25375
   13.31000     0.13980
   13.32000     0.51090
   13.33000     0.85377
   13.34000     1.16248
   13.35000     1.43129
   13.36000     1.65482
   13.37000     1.82801
   13.38000     1.94577
   13.39000     2.00325
   13.40000     1.99587
   13.41000     1.92016
   13.42000     1.77521
   13.43000     1.56193
   13.44000     1.28349
   13.45000     0.94414
   13.46000     0.54909
   13.47000     0.10485
   13.48000    -0.38021
   13.49000    -0.89608
   13.50000    -1.43148
   13.51000    -1.97489
   13.52000    -2.51528
   13.53000    -3.04254
   13.54000    -3.54759
   13.55000    -4.02222
   13.56000    -4.45876
   13.57000    -4.85017
   13.58000    -5.19019
   13.59000    -5.47358
   13.60000    -5.69671
   13.61000    -5.85704
   13.62000    -5.95312
   13.63000    -5.98393
   13.64000    -5.94879
   13.65000    -5.84736
   13.66000    -5.67975
   13.67000    -5.44697
   13.68000    -5.15106
   13.69000    -4.79516
   13.70000    -4.38331
   13.71000    -3.92019
   13.72000    -3.41094
   13.73000    -2.86116
   13.74000    -2.27721
   13.75000    -1.66612
   13.76000    -1.03572
   13.77000    -0.39417
   13.78000     0.25036
   13.79000     0.88993
   13.80000     1.51708
   13.81000     2.12482
   13.82000     2.70674
   13.83000     3.25687
   13.84000     3.76962
   13.85000     4.23987
   13.86000     4.66300
   13.87000     5.03517
   13.88000     5.35346
   13.89000     5.61575
   13.90000     5.82076
   13.91000     5.96762
   13.92000     6.05576
   13.93000     6.08501
   13.94000     6.05579
   13.95000     5.96939
   13.96000     5.82801
   13.97000     5.63469
   13.98000     5.39319
   13.99000     5.10772
   14.00000     4.78286
   14.01000     4.42348
   14.02000     4.03480
   14.03000     3.62248
   14.04000     3.19267
   14.05000     2.75185
   14.06000     2.30639
   14.07000     1.86237
   14.08000     1.42525
   14.09000     0.99999
   14.10000     0.59119
   14.11000     0.20308
   14.12000    -0.16069
   14.13000    -0.49691
   14.14000    -0.80287
   14.15000    -1.07641
   14.16000    -1.31610
   14.17000    -1.52122
   14.18000    -1.69162
   14.19000    -1.82746
   14.20000    -1.92902
   14.21000    -1.99674
   14.22000    -2.03140
   14.23000    -2.03416
   14.24000    -2.00621
   14.25000    -1.94897
   14.26000    -1.86408
   14.27000    -1.75339
   14.28000    -1.61886
   14.29000    -1.46240
   14.30000    -1.28578
   14.31000    -1.09099
   14.32000    -0.88070
   14.33000    -0.65805
   14.34000    -0.42660
   14.35000    -0.18988
   14.36000     0.04878
   14.37000     0.28613
   14.38000     0.51900
   14.39000     0.74418
   14.40000     0.95834
   14.41000     1.15833
   14.42000     1.34135
   14.43000     1.50518
   14.44000     1.64823
   14.45000     1.76944
   14.46000     1.86814
   14.47000     1.94385
   14.48000     1.99619
   14.49000     2.02489
   14.50000     2.02961
   14.51000     2.01024
   14.52000     1.96688
   14.53000     1.89997
   14.54000     1.81017
   14.55000     1.69814
   14.56000     1.56454
   14.57000     1.41011
   14.58000     1.23593
   14.59000     1.04360
   14.60000     0.83538
   14.61000     0.61398
   14.62000     0.38244
   14.63000     0.14390
   14.64000    -0.09853
   14.65000    -0.34182
   14.66000    -0.58299
   14.67000    -0.81909
   14.68000    -1.04717
   14.69000    -1.26438
   14.70000    -1.46817
   14.71000    -1.65638
   14.72000    -1.82735
   14.73000    -1.97982
   14.74000    -2.11276
   14.75000    -2.22528
   14.76000    -2.31659
   14.77000    -2.38602
   14.78000    -2.43304
   14.79000    -2.45736
   14.80000    -2.45897
   14.81000    -2.43817
   14.82000    -2.39559
   14.83000    -2.33208
   14.84000    -2.24866
   14.85000    -2.14650
   14.86000    -2.02686
   14.87000    -1.89116
   14.88000    -1.74061
   14.89000    -1.57655
   14.90000    -1.40030
   14.91000    -1.21326
   14.92000    -1.01700
   14.93000    -0.81293
   14.94000    -0.60248
   14.95000    -0.38701
   14.96000    -0.16796
   14.97000     0.05296
   14.98000     0.27371
   14.99000     0.49189
   15.00000     0.70485
   15.01000     0.90999
   15.02000     1.10508
   15.03000     1.28822
   15.04000     1.45759
   15.05000     1.61151
   15.06000     1.74849
   15.07000     1.86742
   15.08000     1.96770
   15.09000     2.04924
   15.10000     2.11247
   15.11000     2.15821
   15.12000     2.18772
   15.13000     2.20241
   15.14000     2.20381
   15.15000     2.19347
   15.16000     2.17323
   15.17000     2.14505
   15.18000     2.11092
   15.19000     2.07266
   15.20000     2.03153
   15.21000     1.98849
   15.22000     1.94374
   15.23000     1.89708
   15.24000     1.84771
   15.25000     1.79456
   15.26000     1.73676
   15.27000     1.67340
   15.28000     1.60380
   15.29000     1.52712
   15.30000     1.44230
   15.31000     1.34856
   15.32000     1.24540
   15.33000     1.13311
   15.34000     1.01263
   15.35000     0.88534
   15.36000     0.75298
   15.37000     0.61710
   15.38000     0.47900
   15.39000     0.33972
   15.40000     0.20020
   15.41000     0.06158
   15.42000    -0.07491
   15.43000    -0.20801
   15.44000    -0.33662
   15.45000    -0.45994
   15.46000    -0.57740
   15.47000    -0.68853
   15.48000    -0.79273
   15.49000    -0.88908
   15.50000    -0.97627
   15.51000    -1.05273
   15.52000    -1.11697
   15.53000    -1.16780
   15.54000    -1.20461
   15.55000    -1.22722
   15.56000    -1.23571
   15.57000    -1.23028
   15.58000    -1.21119
   15.59000    -1.17886
   15.60000    -1.13409
   15.61000    -1.07804
   15.62000    -1.01216
   15.63000    -0.93803
   15.64000    -0.85723
   15.65000    -0.77120
   15.66000    -0.68128
   15.67000    -0.58866
   15.68000    -0.49462
   15.69000    -0.40053
   15.70000    -0.30797
   15.71000    -0.21871
   15.72000    -0.13461
   15.73000    -0.05751
   15.74000     0.01094
   15.75000     0.06920
   15.76000     0.11602
   15.77000     0.15029
   15.78000     0.17102
   15.79000     0.17746
   15.80000     0.16922
   15.81000     0.14634
   15.82000     0.10939
   15.83000     0.05933
   15.84000    -0.00262
   15.85000    -0.07519
   15.86000    -0.15714
   15.87000    -0.24721
   15.88000    -0.34377
   15.89000    -0.44496
   15.90000    -0.54839
   15.91000    -0.65156
   15.92000    -0.75211
   15.93000    -0.84786
   15.94000    -0.93704
   15.95000    -1.01783
   15.96000    -1.08841
   15.97000    -1.14693
   15.98000    -1.19158
   15.99000    -1.22100
   16.00000    -1.23445
   16.01000    -1.23191
   16.02000    -1.21417
   16.03000    -1.18236
   16.04000    -1.13796
   16.05000    -1.08240
   16.06000    -1.01698
   16.07000    -0.94315
   16.08000    -0.86244
   16.09000    -0.77663
   16.10000    -0.68743
   16.11000    -0.59625
   16.12000    -0.50399
   16.13000    -0.41096
   16.14000    -0.31693
   16.15000    -0.22150
   16.16000    -0.12422
   16.17000    -0.02490
   16.18000     0.07633
   16.19000     0.17917
   16.20000     0.28311
   16.21000     0.38769
   16.22000     0.49228
   16.23000     0.59605
   16.24000     0.69784
   16.25000     0.79613
   16.26000     0.88909
   16.27000     0.97485
   16.28000     1.05173
   16.29000     1.11849
   16.30000     1.17420
   16.31000     1.21828
   16.32000     1.25029
   16.33000     1.26990
   16.34000     1.27701
   16.35000     1.27169
   16.36000     1.25418
   16.37000     1.22495
   16.38000     1.18469
   16.39000     1.13432
   16.40000     1.07497
   16.41000     1.00778
   16.42000     0.93384
   16.43000     0.85423
   16.44000     0.77002
   16.45000     0.68244
   16.46000     0.59285
   16.47000     0.50270
   16.48000     0.41354
   16.49000     0.32680
   16.50000     0.24373
   16.51000     0.16531
   16.52000     0.09213
   16.53000     0.02464
   16.54000    -0.03679
   16.55000    -0.09179
   16.56000    -0.14016
   16.57000    -0.18194
   16.58000    -0.21748
   16.59000    -0.24728
   16.60000    -0.27184
   16.61000    -0.29160
   16.62000    -0.30689
   16.63000    -0.31796
   16.64000    -0.32491
   16.65000    -0.32781
   16.66000    -0.32668
   16.67000    -0.32164
   16.68000    -0.31297
   16.69000    -0.30103
   16.70000    -0.28613
   16.71000    -0.26855
   16.72000    -0.24861
   16.73000    -0.22675
   16.74000    -0.20360
   16.75000    -0.18000
   16.76000    -0.15687
   16.77000    -0.13509
   16.78000    -0.11540
   16.79000    -0.09837
   16.80000    -0.08439
   16.81000    -0.07382
   16.82000    -0.06702
   16.83000    -0.06436
   16.84000    -0.06625
   16.85000    -0.07296
   16.86000    -0.08454
   16.87000    -0.10087
   16.88000    -0.12159
   16.89000    -0.14636
   16.90000    -0.17495
   16.91000    -0.20721
   16.92000    -0.24298
   16.93000    -0.28190
   16.94000    -0.32336
   16.95000    -0.36660
   16.96000    -0.41075
   16.97000    -0.45507
   16.98000    -0.49890
   16.99000    -0.54169
   17.00000    -0.58289
   17.01000    -0.62193
   17.02000    -0.65824
   17.03000    -0.69128
   17.04000    -0.72061
   17.05000    -0.74596
   17.06000    -0.76729
   17.07000    -0.78474
   17.08000    -0.79854
   17.09000    -0.80892
   17.10000    -0.81597
   17.11000    -0.81976
   17.12000    -0.82046
   17.13000    -0.81828
   17.14000    -0.81341
   17.15000    -0.80598
   17.16000    -0.79593
   17.17000    -0.78315
   17.18000    -0.76748
   17.19000    -0.74871
   17.20000    -0.72662
   17.21000    -0.70094
   17.22000    -0.67128
   17.23000    -0.63731
   17.24000    -0.59871
   17.25000    -0.55530
   17.26000    -0.50726
   17.27000    -0.45500
   17.28000    -0.39928
   17.29000    -0.34091
   17.30000    -0.28062
   17.31000    -0.21923
   17.32000    -0.15762
   17.33000    -0.09691
   17.34000    -0.03855
   17.35000     0.01603
   17.36000     0.06551
   17.37000     0.10899
   17.38000     0.14602
   17.39000     0.17636
   17.40000     0.19990
   17.41000     0.21646
   17.42000     0.22586
   17.43000     0.22814
   17.44000     0.22365
   17.45000     0.21310
   17.46000     0.19731
   17.47000     0.17710
   17.48000     0.15296
   17.49000     0.12522
   17.50000     0.09418
   17.51000     0.06018
   17.52000     0.02380
   17.53000    -0.01434
   17.54000    -0.05364
   17.55000    -0.09359
   17.56000    -0.13376
   17.57000    -0.17372
   17.58000    -0.21298
   17.59000    -0.25097
   17.60000    -0.28709
   17.61000    -0.32073
   17.62000    -0.35126
   17.63000    -0.37814
   17.64000    -0.40088
   17.65000    -0.41907
   17.66000    -0.43242
   17.67000    -0.44067
   17.68000    -0.44355
   17.69000    -0.44083
   17.70000    -0.43233
   17.71000    -0.41798
   17.72000    -0.39789
   17.73000    -0.37222
   17.74000    -0.34115
   17.75000    -0.30480
   17.76000    -0.26331
   17.77000    -0.21688
   17.78000    -0.16586
   17.79000    -0.11074
   17.80000    -0.05218
   17.81000     0.00908
   17.82000     0.07221
   17.83000     0.13640
   17.84000     0.20084
   17.85000     0.26467
   17.86000     0.32706
   17.87000     0.38711
   17.88000     0.44386
   17.89000     0.49641
   17.90000     0.54403
   17.91000     0.58626
   17.92000     0.62295
   17.93000     0.65409
   17.94000     0.67969
   17.95000     0.69973
   17.96000     0.71405
   17.97000     0.72254
   17.98000     0.72525
   17.99000     0.72247
   18.00000     0.71471
   18.01000     0.70242
   18.02000     0.68588
   18.03000     0.66514
   18.04000     0.64015
   18.05000     0.61099
   18.06000     0.57793
   18.07000     0.54149
   18.08000     0.50235
   18.09000     0.46116
   18.10000     0.41846
   18.11000     0.37465
   18.12000     0.33006
   18.13000     0.28512
   18.14000     0.24030
   18.15000     0.19623
   18.16000     0.15359
   18.17000     0.11302
   18.18000     0.07507
   18.19000     0.04014
   18.20000     0.00860
   18.21000    -0.01921
   18.22000    -0.04280
   18.23000    -0.06164
   18.24000    -0.07521
   18.25000    -0.08306
   18.26000    -0.08483
   18.27000    -0.08030
   18.28000    -0.06928
   18.29000    -0.05170
   18.30000    -0.02757
   18.31000     0.00299
   18.32000     0.03966
   18.33000     0.08200
   18.34000     0.12951
   18.35000     0.18165
   18.36000     0.23800
   18.37000     0.29804
   18.38000     0.36108
   18.39000     0.42624
   18.40000     0.49238
   18.41000     0.55838
   18.42000     0.62313
   18.43000     0.68553
   18.44000     0.74435
   18.45000     0.79816
   18.46000     0.84531
   18.47000     0.88409
   18.48000     0.91289
   18.49000     0.93042
   18.50000     0.93585
   18.51000     0.92876
   18.52000     0.90902
   18.53000     0.87677
   18.54000     0.83249
   18.55000     0.77704
   18.56000     0.71177
   18.57000     0.63835
   18.58000     0.55867
   18.59000     0.47462
   18.60000     0.38789
   18.61000     0.29999
   18.62000     0.21210
   18.63000     0.12515
   18.64000     0.03986
   18.65000    -0.04322
   18.66000    -0.12363
   18.67000    -0.20102
   18.68000    -0.27508
   18.69000    -0.34551
   18.70000    -0.41193
   18.71000    -0.47380
   18.72000    -0.53042
   18.73000    -0.58093
   18.74000    -0.62431
   18.75000    -0.65956
   18.76000    -0.68578
   18.77000    -0.70235
   18.78000    -0.70906
   18.79000    -0.70603
   18.80000    -0.69369
   18.81000    -0.67271
   18.82000    -0.64393
   18.83000    -0.60840
   18.84000    -0.56738
   18.85000    -0.52227
   18.86000    -0.47446
   18.87000    -0.42524
   18.88000    -0.37563
   18.89000    -0.32637
   18.90000    -0.27781
   18.91000    -0.23009
   18.92000    -0.18323
   18.93000    -0.13730
   18.94000    -0.09245
   18.95000    -0.04890
   18.96000    -0.00686
   18.97000     0.03340
   18.98000     0.07160
   18.99000     0.10733
   19.00000     0.14010
   19.01000     0.16931
   19.02000     0.19434
   19.03000     0.21466
   19.04000     0.22982
   19.05000     0.23966
   19.06000     0.24428
   19.07000     0.24395
   19.08000     0.23895
   19.09000     0.22951
   19.10000     0.21573
   19.11000     0.19770
   19.12000     0.17541
   19.13000     0.14879
   19.14000     0.11766
   19.15000     0.08175
   19.16000     0.04080
   19.17000    -0.00544
   19.18000    -0.05718
   19.19000    -0.11453
   19.20000    -0.17737
   19.21000    -0.24525
   19.22000    -0.31726
   19.23000    -0.39208
   19.24000    -0.46801
   19.25000    -0.54321
   19.26000    -0.61582
   19.27000    -0.68405
   19.28000    -0.74639
   19.29000    -0.80143
   19.30000    -0.84782
   19.31000    -0.88439
   19.32000    -0.91014
   19.33000    -0.92446
   19.34000    -0.92711
   19.35000    -0.91822
   19.36000    -0.89818
   19.37000    -0.86744
   19.38000    -0.82655
   19.39000    -0.77596
   19.40000    -0.71610
   19.41000    -0.64745
   19.42000    -0.57070
   19.43000    -0.48677
   19.44000    -0.39674
   19.45000    -0.30176
   19.46000    -0.20292
   19.47000    -0.10133
   19.48000     0.00188
   19.49000     0.10549
   19.50000     0.20821
   19.51000     0.30867
   19.52000     0.40550
   19.53000     0.49743
   19.54000     0.58332
   19.55000     0.66231
   19.56000     0.73363
   19.57000     0.79668
   19.58000     0.85085
   19.59000     0.89561
   19.60000     0.93043
   19.61000     0.95489
   19.62000     0.96877
   19.63000     0.97199
   19.64000     0.96470
   19.65000     0.94715
   19.66000     0.91972
   19.67000     0.88291
   19.68000     0.83736
   19.69000     0.78394
   19.70000     0.72382
   19.71000     0.65839
   19.72000     0.58920
   19.73000     0.51783
   19.74000     0.44585
   19.75000     0.37478
   19.76000     0.30615
   19.77000     0.24142
   19.78000     0.18199
   19.79000     0.12908
   19.80000     0.08353
   19.81000     0.04590
   19.82000     0.01625
   19.83000    -0.00559
   19.84000    -0.02004
   19.85000    -0.02759
   19.86000    -0.02864
   19.87000    -0.02364
   19.88000    -0.01307
   19.89000     0.00252
   19.90000     0.02251
   19.91000     0.04637
   19.92000     0.07374
   19.93000     0.10446
   19.94000     0.13839
   19.95000     0.17531
   19.96000     0.21470
   19.97000     0.25577
   19.98000     0.29744
   19.99000     0.33850
   20.00000     0.37772
