 
 ETABS v9.7.0  File:EXAM05  Units:N-mm  February 17, 2012 23:51  PAGE 1
 
 T I M E   H I S T O R Y   D A T A 
 
 FUNCTION  Joint4:  Joint 4  Story STORY4  Displacement  UX
 
       TIME    FUNCTION
                 Joint4
    0.00000     0.00000
    0.02000  -8.463E-04
    0.04000    -0.00392
    0.06000    -0.00503
    0.08000    -0.00185
    0.10000     0.00741
    0.12000     0.02240
    0.14000     0.03570
    0.16000     0.04218
    0.18000     0.04065
    0.20000     0.03177
    0.22000     0.02286
    0.24000     0.01809
    0.26000     0.01496
    0.28000     0.00673
    0.30000    -0.00652
    0.32000    -0.02147
    0.34000    -0.03401
    0.36000    -0.03794
    0.38000    -0.03078
    0.40000    -0.01930
    0.42000    -0.01257
    0.44000    -0.00968
    0.46000    -0.00610
    0.48000     0.00173
    0.50000     0.01450
    0.52000     0.02870
    0.54000     0.03970
    0.56000     0.04149
    0.58000     0.03655
    0.60000     0.03394
    0.62000     0.03755
    0.64000     0.03944
    0.66000     0.03254
    0.68000     0.01953
    0.70000     0.00130
    0.72000    -0.01652
    0.74000    -0.02188
    0.76000    -0.01122
    0.78000   7.670E-04
    0.80000     0.00725
    0.82000     0.01052
    0.84000     0.00439
    0.86000    -0.01243
    0.88000    -0.03531
    0.90000    -0.06113
    0.92000    -0.08767
    0.94000    -0.10965
    0.96000    -0.11227
    0.98000    -0.08895
    1.00000    -0.04450
    1.02000     0.01871
    1.04000     0.08891
    1.06000     0.15317
    1.08000     0.20270
    1.10000     0.24018
    1.12000     0.26971
    1.14000     0.28378
    1.16000     0.27938
    1.18000     0.24990
    1.20000     0.18931
    1.22000     0.10410
    1.24000     0.00782
    1.26000    -0.08573
    1.28000    -0.18222
    1.30000    -0.29215
    1.32000    -0.40783
    1.34000    -0.51254
    1.36000    -0.58348
    1.38000    -0.58617
    1.40000    -0.50211
    1.42000    -0.34939
    1.44000    -0.15702
    1.46000     0.06101
    1.48000     0.28476
    1.50000     0.48410
    1.52000     0.64161
    1.54000     0.74193
    1.56000     0.75930
    1.58000     0.67951
    1.60000     0.51200
    1.62000     0.27324
    1.64000    -0.01356
    1.66000    -0.31373
    1.68000    -0.58517
    1.70000    -0.79319
    1.72000    -0.92213
    1.74000    -0.96042
    1.76000    -0.88948
    1.78000    -0.70557
    1.80000    -0.42176
    1.82000    -0.06110
    1.84000     0.32394
    1.86000     0.66382
    1.88000     0.90583
    1.90000     1.03575
    1.92000     1.05450
    1.94000     0.96470
    1.96000     0.77521
    1.98000     0.49119
    2.00000     0.11818
    2.02000    -0.30632
    2.04000    -0.71622
    2.06000    -1.05706
    2.08000    -1.30036
    2.10000    -1.43390
    2.12000    -1.46382
    2.14000    -1.40520
    2.16000    -1.27427
    2.18000    -1.09301
    2.20000    -0.89271
    2.22000    -0.69057
    2.24000    -0.49106
    2.26000    -0.29017
    2.28000    -0.06997
    2.30000     0.17208
    2.32000     0.41998
    2.34000     0.67594
    2.36000     0.94439
    2.38000     1.17836
    2.40000     1.28218
    2.42000     1.16043
    2.44000     0.75858
    2.46000     0.09717
    2.48000    -0.70922
    2.50000    -1.48821
    2.52000    -2.09026
    2.54000    -2.43764
    2.56000    -2.49236
    2.58000    -2.23477
    2.60000    -1.68208
    2.62000    -0.89002
    2.64000     0.07122
    2.66000     1.11063
    2.68000     2.11138
    2.70000     2.97642
    2.72000     3.65366
    2.74000     4.11024
    2.76000     4.30914
    2.78000     4.20966
    2.80000     3.77013
    2.82000     2.95110
    2.84000     1.76622
    2.86000     0.33140
    2.88000    -1.15544
    2.90000    -2.46211
    2.92000    -3.38293
    2.94000    -3.79303
    2.96000    -3.66620
    2.98000    -3.05054
    3.00000    -2.03665
    3.02000    -0.73578
    3.04000     0.72596
    3.06000     2.19527
    3.08000     3.50090
    3.10000     4.48733
    3.12000     5.03766
    3.14000     5.09005
    3.16000     4.64092
    3.18000     3.73081
    3.20000     2.42923
    3.22000     0.83266
    3.24000    -0.93165
    3.26000    -2.70055
    3.28000    -4.29489
    3.30000    -5.55739
    3.32000    -6.37008
    3.34000    -6.65669
    3.36000    -6.38077
    3.38000    -5.54916
    3.40000    -4.22051
    3.42000    -2.51702
    3.44000    -0.62341
    3.46000     1.23406
    3.48000     2.84358
    3.50000     4.05318
    3.52000     4.78016
    3.54000     4.98307
    3.56000     4.65304
    3.58000     3.81284
    3.60000     2.52534
    3.62000     0.91389
    3.64000    -0.83174
    3.66000    -2.50011
    3.68000    -3.91063
    3.70000    -4.91943
    3.72000    -5.40793
    3.74000    -5.29188
    3.76000    -4.53090
    3.78000    -3.16930
    3.80000    -1.38679
    3.82000     0.52818
    3.84000     2.27045
    3.86000     3.62328
    3.88000     4.51838
    3.90000     4.99187
    3.92000     5.10419
    3.94000     4.87906
    3.96000     4.29250
    3.98000     3.32179
    4.00000     2.03337
    4.02000     0.60412
    4.04000    -0.76331
    4.06000    -1.91491
    4.08000    -2.75007
    4.10000    -3.22343
    4.12000    -3.32976
    4.14000    -3.05092
    4.16000    -2.35852
    4.18000    -1.30038
    4.20000    -0.03014
    4.22000     1.24312
    4.24000     2.30264
    4.26000     2.96976
    4.28000     3.15687
    4.30000     2.87741
    4.32000     2.19018
    4.34000     1.16114
    4.36000    -0.12325
    4.38000    -1.54385
    4.40000    -2.96297
    4.42000    -4.23437
    4.44000    -5.21393
    4.46000    -5.78058
    4.48000    -5.84521
    4.50000    -5.34143
    4.52000    -4.25214
    4.54000    -2.65254
    4.56000    -0.71720
    4.58000     1.31688
    4.60000     3.21055
    4.62000     4.78305
    4.64000     5.92947
    4.66000     6.58331
    4.68000     6.67723
    4.70000     6.14436
    4.72000     4.96013
    4.74000     3.19881
    4.76000     1.06187
    4.78000    -1.17633
    4.80000    -3.25104
    4.82000    -4.97402
    4.84000    -6.25017
    4.86000    -7.02450
    4.88000    -7.21743
    4.90000    -6.73708
    4.92000    -5.54965
    4.94000    -3.74316
    4.96000    -1.54451
    4.98000     0.74395
    5.00000     2.84895
    5.02000     4.59018
    5.04000     5.87118
    5.06000     6.62897
    5.08000     6.80994
    5.10000     6.39800
    5.12000     5.45006
    5.14000     4.11022
    5.16000     2.58769
    5.18000     1.09083
    5.20000    -0.22996
    5.22000    -1.28110
    5.24000    -1.99592
    5.26000    -2.32232
    5.28000    -2.22694
    5.30000    -1.71439
    5.32000    -0.84915
    5.34000     0.24582
    5.36000     1.42781
    5.38000     2.57114
    5.40000     3.56621
    5.42000     4.29789
    5.44000     4.64572
    5.46000     4.51096
    5.48000     3.86120
    5.50000     2.76979
    5.52000     1.40624
    5.54000    -0.02632
    5.56000    -1.36214
    5.58000    -2.50092
    5.60000    -3.38832
    5.62000    -3.98024
    5.64000    -4.23128
    5.66000    -4.11874
    5.68000    -3.67708
    5.70000    -3.00861
    5.72000    -2.25266
    5.74000    -1.53407
    5.76000    -0.93042
    5.78000    -0.47869
    5.80000    -0.20556
    5.82000    -0.14316
    5.84000    -0.30738
    5.86000    -0.67478
    5.88000    -1.18345
    5.90000    -1.74895
    5.92000    -2.30214
    5.94000    -2.80812
    5.96000    -3.24462
    5.98000    -3.57451
    6.00000    -3.74061
    6.02000    -3.68446
    6.04000    -3.37708
    6.06000    -2.84410
    6.08000    -2.15290
    6.10000    -1.37859
    6.12000    -0.58449
    6.14000     0.17892
    6.16000     0.86152
    6.18000     1.39855
    6.20000     1.71873
    6.22000     1.77551
    6.24000     1.57565
    6.26000     1.18167
    6.28000     0.68750
    6.30000     0.18653
    6.32000    -0.24840
    6.34000    -0.56805
    6.36000    -0.73782
    6.38000    -0.73134
    6.40000    -0.54154
    6.42000    -0.18988
    6.44000     0.27712
    6.46000     0.80294
    6.48000     1.33905
    6.50000     1.85072
    6.52000     2.30865
    6.54000     2.67481
    6.56000     2.90230
    6.58000     2.95312
    6.60000     2.81852
    6.62000     2.52110
    6.64000     2.10030
    6.66000     1.59498
    6.68000     1.03229
    6.70000     0.43777
    6.72000    -0.14692
    6.74000    -0.66440
    6.76000    -1.05523
    6.78000    -1.27370
    6.80000    -1.30352
    6.82000    -1.15656
    6.84000    -0.85888
    6.86000    -0.44211
    6.88000     0.05590
    6.90000     0.59195
    6.92000     1.11813
    6.94000     1.58214
    6.96000     1.93227
    6.98000     2.12245
    7.00000     2.11608
    7.02000     1.89512
    7.04000     1.47433
    7.06000     0.90661
    7.08000     0.26811
    7.10000    -0.36509
    7.12000    -0.93389
    7.14000    -1.40197
    7.16000    -1.74285
    7.18000    -1.92429
    7.20000    -1.92321
    7.22000    -1.73621
    7.24000    -1.37957
    7.26000    -0.88633
    7.28000    -0.29321
    7.30000     0.36520
    7.32000     1.04369
    7.34000     1.67459
    7.36000     2.17973
    7.38000     2.50213
    7.40000     2.62508
    7.42000     2.56875
    7.44000     2.36711
    7.46000     2.04067
    7.48000     1.58669
    7.50000     0.99981
    7.52000     0.30313
    7.54000    -0.44595
    7.56000    -1.17639
    7.58000    -1.82383
    7.60000    -2.33642
    7.62000    -2.67357
    7.64000    -2.79814
    7.66000    -2.67452
    7.68000    -2.28871
    7.70000    -1.67116
    7.72000    -0.89765
    7.74000    -0.06538
    7.76000     0.73112
    7.78000     1.41237
    7.80000     1.91709
    7.82000     2.19805
    7.84000     2.21906
    7.86000     1.96415
    7.88000     1.45156
    7.90000     0.72946
    7.92000    -0.14149
    7.94000    -1.09882
    7.96000    -2.08585
    7.98000    -3.04056
    8.00000    -3.87677
    8.02000    -4.48827
    8.04000    -4.77625
    8.06000    -4.67769
    8.08000    -4.18629
    8.10000    -3.35287
    8.12000    -2.26495
    8.14000    -1.02387
    8.16000     0.26111
    8.18000     1.47185
    8.20000     2.49002
    8.22000     3.21247
    8.24000     3.57376
    8.26000     3.55745
    8.28000     3.18810
    8.30000     2.52107
    8.32000     1.62871
    8.34000     0.59638
    8.36000    -0.47343
    8.38000    -1.46541
    8.40000    -2.27180
    8.42000    -2.81273
    8.44000    -3.04429
    8.46000    -2.95699
    8.48000    -2.56583
    8.50000    -1.90172
    8.52000    -1.01474
    8.54000     0.01833
    8.56000     1.09572
    8.58000     2.10710
    8.60000     2.96116
    8.62000     3.59852
    8.64000     3.99330
    8.66000     4.14521
    8.68000     4.06299
    8.70000     3.75994
    8.72000     3.26271
    8.74000     2.61703
    8.76000     1.88412
    8.78000     1.13251
    8.80000     0.42828
    8.82000    -0.17761
    8.84000    -0.65325
    8.86000    -0.98352
    8.88000    -1.16830
    8.90000    -1.21865
    8.92000    -1.15144
    8.94000    -0.98284
    8.96000    -0.72625
    8.98000    -0.40419
    9.00000    -0.05064
    9.02000     0.29213
    9.04000     0.57732
    9.06000     0.77077
    9.08000     0.85996
    9.10000     0.84886
    9.12000     0.74689
    9.14000     0.56703
    9.16000     0.32516
    9.18000     0.03991
    9.20000    -0.26403
    9.22000    -0.55985
    9.24000    -0.82302
    9.26000    -1.03220
    9.28000    -1.17011
    9.30000    -1.22521
    9.32000    -1.19336
    9.34000    -1.08079
    9.36000    -0.90025
    9.38000    -0.66960
    9.40000    -0.41181
    9.42000    -0.15728
    9.44000     0.05584
    9.46000     0.19156
    9.48000     0.23109
    9.50000     0.17908
    9.52000     0.05677
    9.54000    -0.11150
    9.56000    -0.31188
    9.58000    -0.53773
    9.60000    -0.77465
    9.62000    -0.99246
    9.64000    -1.14994
    9.66000    -1.20969
    9.68000    -1.15463
    9.70000    -0.99421
    9.72000    -0.75395
    9.74000    -0.45896
    9.76000    -0.12950
    9.78000     0.21221
    9.80000     0.53887
    9.82000     0.81867
    9.84000     1.02188
    9.86000     1.13319
    9.88000     1.15557
    9.90000     1.10040
    9.92000     0.97808
    9.94000     0.79831
    9.96000     0.57206
    9.98000     0.31168
   10.00000     0.03301
   10.02000    -0.24942
   10.04000    -0.52492
   10.06000    -0.78118
   10.08000    -0.99980
   10.10000    -1.15864
   10.12000    -1.24170
   10.14000    -1.24456
   10.16000    -1.17573
   10.18000    -1.05254
   10.20000    -0.88900
   10.22000    -0.69006
   10.24000    -0.45504
   10.26000    -0.19032
   10.28000     0.08245
   10.30000     0.33385
   10.32000     0.53516
   10.34000     0.66406
   10.36000     0.70931
   10.38000     0.66831
   10.40000     0.54064
   10.42000     0.32769
   10.44000     0.04190
   10.46000    -0.28992
   10.48000    -0.63607
   10.50000    -0.96793
   10.52000    -1.26309
   10.54000    -1.50426
   10.56000    -1.67462
   10.58000    -1.74956
   10.60000    -1.69919
   10.62000    -1.50400
   10.64000    -1.16841
   10.66000    -0.72119
   10.68000    -0.20791
   10.70000     0.32043
   10.72000     0.81690
   10.74000     1.24064
   10.76000     1.55498
   10.78000     1.73052
   10.80000     1.75267
   10.82000     1.62403
   10.84000     1.36590
   10.86000     1.01435
   10.88000     0.61210
   10.90000     0.20409
   10.92000    -0.16268
   10.94000    -0.44121
   10.96000    -0.59488
   10.98000    -0.60759
   11.00000    -0.48619
   11.02000    -0.25708
   11.04000     0.04176
   11.06000     0.37214
   11.08000     0.70112
   11.10000     0.99655
   11.12000     1.22518
   11.14000     1.35697
   11.16000     1.37154
   11.18000     1.26309
   11.20000     1.04153
   11.22000     0.72901
   11.24000     0.35560
   11.26000    -0.04286
   11.28000    -0.42631
   11.30000    -0.75199
   11.32000    -0.97898
   11.34000    -1.07542
   11.36000    -1.02700
   11.38000    -0.84011
   11.40000    -0.53827
   11.42000    -0.15430
   11.44000     0.27595
   11.46000     0.71724
   11.48000     1.13675
   11.50000     1.50325
   11.52000     1.78727
   11.54000     1.96522
   11.56000     2.02202
   11.58000     1.94870
   11.60000     1.74150
   11.62000     1.40683
   11.64000     0.96230
   11.66000     0.43883
   11.68000    -0.11684
   11.70000    -0.64883
   11.72000    -1.10390
   11.74000    -1.43986
   11.76000    -1.62804
   11.78000    -1.65645
   11.80000    -1.53092
   11.82000    -1.27141
   11.84000    -0.90897
   11.86000    -0.48371
   11.88000    -0.04159
   11.90000     0.37218
   11.92000     0.71762
   11.94000     0.96138
   11.96000     1.08024
   11.98000     1.06473
   12.00000     0.91763
   12.02000     0.65222
   12.04000     0.29136
   12.06000    -0.13195
   12.08000    -0.57678
   12.10000    -0.99874
   12.12000    -1.35566
   12.14000    -1.61585
   12.16000    -1.76409
   12.18000    -1.80238
   12.20000    -1.74349
   12.22000    -1.60435
   12.24000    -1.40250
   12.26000    -1.15251
   12.28000    -0.86530
   12.30000    -0.55222
   12.32000    -0.22803
   12.34000     0.08888
   12.36000     0.37577
   12.38000     0.60664
   12.40000     0.75723
   12.42000     0.81187
   12.44000     0.76881
   12.46000     0.64037
   12.48000     0.44880
   12.50000     0.22009
   12.52000    -0.02153
   12.54000    -0.25523
   12.56000    -0.46045
   12.58000    -0.61414
   12.60000    -0.69359
   12.62000    -0.68274
   12.64000    -0.57579
   12.66000    -0.37590
   12.68000    -0.09372
   12.70000     0.25636
   12.72000     0.66070
   12.74000     1.10594
   12.76000     1.57148
   12.78000     2.02098
   12.80000     2.40160
   12.82000     2.65043
   12.84000     2.70766
   12.86000     2.53641
   12.88000     2.13626
   12.90000     1.54212
   12.92000     0.81360
   12.94000     0.02264
   12.96000    -0.75320
   12.98000    -1.43705
   13.00000    -1.96018
   13.02000    -2.26889
   13.04000    -2.33308
   13.06000    -2.15444
   13.08000    -1.76528
   13.10000    -1.21828
   13.12000    -0.57769
   13.14000     0.08767
   13.16000     0.71052
   13.18000     1.22898
   13.20000     1.59105
   13.22000     1.75995
   13.24000     1.71805
   13.26000     1.46868
   13.28000     1.03538
   13.30000     0.45818
   13.32000    -0.21118
   13.34000    -0.91497
   13.36000    -1.59693
   13.38000    -2.20880
   13.40000    -2.71808
   13.42000    -3.10580
   13.44000    -3.35227
   13.46000    -3.43560
   13.48000    -3.33677
   13.50000    -3.04254
   13.52000    -2.56024
   13.54000    -1.92807
   13.56000    -1.20243
   13.58000    -0.43992
   13.60000     0.30559
   13.62000     0.98015
   13.64000     1.53126
   13.66000     1.91040
   13.68000     2.08011
   13.70000     2.02912
   13.72000     1.78165
   13.74000     1.38647
   13.76000     0.89676
   13.78000     0.36124
   13.80000    -0.17334
   13.82000    -0.65914
   13.84000    -1.04519
   13.86000    -1.28288
   13.88000    -1.34076
   13.90000    -1.21557
   13.92000    -0.92929
   13.94000    -0.51783
   13.96000    -0.02047
   13.98000     0.52186
   14.00000     1.06437
   14.02000     1.55806
   14.04000     1.95511
   14.06000     2.21895
   14.08000     2.33137
   14.10000     2.29262
   14.12000     2.11538
   14.14000     1.81672
   14.16000     1.41816
   14.18000     0.94825
   14.20000     0.44463
   14.22000    -0.04810
   14.24000    -0.48606
   14.26000    -0.83194
   14.28000    -1.06038
   14.30000    -1.15722
   14.32000    -1.11792
   14.34000    -0.95182
   14.36000    -0.68294
   14.38000    -0.34651
   14.40000     0.01547
   14.42000     0.36092
   14.44000     0.65582
   14.46000     0.87505
   14.48000     1.00043
   14.50000     1.02045
   14.52000     0.93181
   14.54000     0.74202
   14.56000     0.46986
   14.58000     0.14371
   14.60000    -0.20172
   14.62000    -0.53066
   14.64000    -0.81203
   14.66000    -1.02112
   14.68000    -1.14007
   14.70000    -1.15899
   14.72000    -1.07774
   14.74000    -0.90675
   14.76000    -0.66669
   14.78000    -0.38723
   14.80000    -0.10185
   14.82000     0.15815
   14.84000     0.36707
   14.86000     0.50587
   14.88000     0.56440
   14.90000     0.54420
   14.92000     0.45721
   14.94000     0.32242
   14.96000     0.16217
   14.98000    -0.00264
   15.00000    -0.15588
   15.02000    -0.28344
   15.04000    -0.36924
   15.06000    -0.39929
   15.08000    -0.36531
   15.10000    -0.26691
   15.12000    -0.11166
   15.14000     0.08819
   15.16000     0.32111
   15.18000     0.57890
   15.20000     0.85039
   15.22000     1.11377
   15.24000     1.33472
   15.26000     1.47392
   15.28000     1.50241
   15.30000     1.41213
   15.32000     1.21493
   15.34000     0.93410
   15.36000     0.59426
   15.38000     0.21789
   15.40000    -0.16918
   15.42000    -0.53154
   15.44000    -0.82880
   15.46000    -1.02790
   15.48000    -1.11236
   15.50000    -1.08312
   15.52000    -0.95285
   15.54000    -0.73944
   15.56000    -0.46356
   15.58000    -0.15058
   15.60000     0.16656
   15.62000     0.44996
   15.64000     0.66648
   15.66000     0.79452
   15.68000     0.82389
   15.70000     0.75284
   15.72000     0.58536
   15.74000     0.33127
   15.76000     0.00979
   15.78000    -0.34750
   15.80000    -0.70108
   15.82000    -1.01230
   15.84000    -1.25145
   15.86000    -1.40075
   15.88000    -1.45166
   15.90000    -1.39803
   15.92000    -1.23488
   15.94000    -0.96603
   15.96000    -0.61125
   15.98000    -0.20624
   16.00000     0.20338
   16.02000     0.57222
   16.04000     0.86412
   16.06000     1.05433
   16.08000     1.12674
   16.10000     1.07260
   16.12000     0.89620
   16.14000     0.61979
   16.16000     0.28243
   16.18000    -0.06768
   16.20000    -0.38375
   16.22000    -0.63015
   16.24000    -0.78614
   16.26000    -0.84283
   16.28000    -0.79915
   16.30000    -0.66085
   16.32000    -0.44352
   16.34000    -0.17338
   16.36000     0.11662
   16.38000     0.39261
   16.40000     0.62706
   16.42000     0.80320
   16.44000     0.91251
   16.46000     0.95042
   16.48000     0.91525
   16.50000     0.81059
   16.52000     0.64731
   16.54000     0.44318
   16.56000     0.22083
   16.58000     0.00175
   16.60000    -0.19762
   16.62000    -0.36438
   16.64000    -0.48734
   16.66000    -0.55675
   16.68000    -0.56642
   16.70000    -0.51743
   16.72000    -0.41896
   16.74000    -0.28683
   16.76000    -0.13991
   16.78000     0.00407
   16.80000     0.13024
   16.82000     0.22561
   16.84000     0.27846
   16.86000     0.28020
   16.88000     0.22870
   16.90000     0.13005
   16.92000    -0.00286
   16.94000    -0.15276
   16.96000    -0.30195
   16.98000    -0.43600
   17.00000    -0.54349
   17.02000    -0.61420
   17.04000    -0.64055
   17.06000    -0.62007
   17.08000    -0.55683
   17.10000    -0.46093
   17.12000    -0.34620
   17.14000    -0.22739
   17.16000    -0.11598
   17.18000    -0.01963
   17.20000     0.05576
   17.22000     0.10621
   17.24000     0.13149
   17.26000     0.13421
   17.28000     0.11712
   17.30000     0.08256
   17.32000     0.03337
   17.34000    -0.02804
   17.36000    -0.09903
   17.38000    -0.17351
   17.40000    -0.24308
   17.42000    -0.30132
   17.44000    -0.34314
   17.46000    -0.36257
   17.48000    -0.35558
   17.50000    -0.32258
   17.52000    -0.26613
   17.54000    -0.19092
   17.56000    -0.10532
   17.58000    -0.01854
   17.60000     0.06217
   17.62000     0.13014
   17.64000     0.17906
   17.66000     0.20543
   17.68000     0.20941
   17.70000     0.19372
   17.72000     0.16256
   17.74000     0.12115
   17.76000     0.07567
   17.78000     0.03212
   17.80000    -0.00411
   17.82000    -0.02853
   17.84000    -0.03899
   17.86000    -0.03633
   17.88000    -0.02282
   17.90000  -9.534E-04
   17.92000     0.02765
   17.94000     0.06193
   17.96000     0.09994
   17.98000     0.13784
   18.00000     0.17165
   18.02000     0.19842
   18.04000     0.21609
   18.06000     0.22434
   18.08000     0.22398
   18.10000     0.21505
   18.12000     0.19684
   18.14000     0.17036
   18.16000     0.13851
   18.18000     0.10544
   18.20000     0.07599
   18.22000     0.05527
   18.24000     0.04705
   18.26000     0.05267
   18.28000     0.07220
   18.30000     0.10537
   18.32000     0.15060
   18.34000     0.20412
   18.36000     0.26150
   18.38000     0.31821
   18.40000     0.36799
   18.42000     0.40365
   18.44000     0.41845
   18.46000     0.40486
   18.48000     0.35581
   18.50000     0.27012
   18.52000     0.15504
   18.54000     0.02349
   18.56000    -0.10805
   18.58000    -0.22214
   18.60000    -0.30535
   18.62000    -0.35057
   18.64000    -0.35549
   18.66000    -0.32159
   18.68000    -0.25424
   18.70000    -0.16178
   18.72000    -0.05395
   18.74000     0.05837
   18.76000     0.16364
   18.78000     0.25083
   18.80000     0.31039
   18.82000     0.33505
   18.84000     0.32065
   18.86000     0.26680
   18.88000     0.17787
   18.90000     0.06282
   18.92000    -0.06569
   18.94000    -0.19347
   18.96000    -0.30685
   18.98000    -0.39426
   19.00000    -0.44739
   19.02000    -0.46133
   19.04000    -0.43459
   19.06000    -0.36987
   19.08000    -0.27440
   19.10000    -0.16041
   19.12000    -0.04336
   19.14000     0.06040
   19.16000     0.13610
   19.18000     0.17351
   19.20000     0.16810
   19.22000     0.12114
   19.24000     0.04022
   19.26000    -0.06140
   19.28000    -0.16787
   19.30000    -0.26388
   19.32000    -0.33598
   19.34000    -0.37415
   19.36000    -0.37250
   19.38000    -0.32931
   19.40000    -0.24777
   19.42000    -0.13701
   19.44000    -0.01131
   19.46000     0.11392
   19.48000     0.22582
   19.50000     0.31503
   19.52000     0.37534
   19.54000     0.40278
   19.56000     0.39486
   19.58000     0.35106
   19.60000     0.27481
   19.62000     0.17441
   19.64000     0.06205
   19.66000    -0.04870
   19.68000    -0.14493
   19.70000    -0.21547
   19.72000    -0.25110
   19.74000    -0.24532
   19.76000    -0.19488
   19.78000    -0.10058
   19.80000     0.03098
   19.82000     0.18625
   19.84000     0.34600
   19.86000     0.48947
   19.88000     0.59913
   19.90000     0.66374
   19.92000     0.67944
   19.94000     0.64806
   19.96000     0.57297
   19.98000     0.45719
   20.00000     0.30609
   20.02000     0.13013
   20.04000    -0.05563
   20.06000    -0.23334
   20.08000    -0.38482
   20.10000    -0.49498
   20.12000    -0.55471
   20.14000    -0.56023
   20.16000    -0.51180
   20.18000    -0.41526
   20.20000    -0.28283
   20.22000    -0.13115
   20.24000     0.02126
   20.26000     0.15578
   20.28000     0.25594
   20.30000     0.31021
   20.32000     0.31202
   20.34000     0.25887
   20.36000     0.15314
   20.38000     0.00335
   20.40000    -0.17712
   20.42000    -0.37151
   20.44000    -0.55963
   20.46000    -0.71986
   20.48000    -0.83282
   20.50000    -0.88458
   20.52000    -0.86853
   20.54000    -0.78669
   20.56000    -0.64880
   20.58000    -0.46877
   20.60000    -0.26235
   20.62000    -0.04691
   20.64000     0.15859
   20.66000     0.33512
   20.68000     0.46618
   20.70000     0.54042
   20.72000     0.55382
   20.74000     0.50942
   20.76000     0.41526
   20.78000     0.28256
   20.80000     0.12563
   20.82000    -0.03836
   20.84000    -0.19027
   20.86000    -0.31217
   20.88000    -0.39059
   20.90000    -0.41834
   20.92000    -0.39454
   20.94000    -0.32344
   20.96000    -0.21281
   20.98000    -0.07335
   21.00000     0.08118
   21.02000     0.23479
   21.04000     0.37141
   21.06000     0.47753
   21.08000     0.54404
   21.10000     0.56697
   21.12000     0.54692
   21.14000     0.48798
   21.16000     0.39697
   21.18000     0.28287
   21.20000     0.15596
   21.22000     0.02677
   21.24000    -0.09511
   21.26000    -0.20144
   21.28000    -0.28491
   21.30000    -0.33886
   21.32000    -0.35839
   21.34000    -0.34167
   21.36000    -0.29089
   21.38000    -0.21214
   21.40000    -0.11420
   21.42000    -0.00633
   21.44000     0.10290
   21.46000     0.20550
   21.48000     0.29329
   21.50000     0.35796
   21.52000     0.39238
   21.54000     0.39231
   21.56000     0.35737
   21.58000     0.29189
   21.60000     0.20461
   21.62000     0.10671
   21.64000     0.00925
   21.66000    -0.07777
   21.68000    -0.14551
   21.70000    -0.18746
   21.72000    -0.19988
   21.74000    -0.18104
   21.76000    -0.13195
   21.78000    -0.05812
   21.80000     0.03132
   21.82000     0.12584
   21.84000     0.21409
   21.86000     0.28502
   21.88000     0.33020
   21.90000     0.34430
   21.92000     0.32491
   21.94000     0.27378
   21.96000     0.19698
   21.98000     0.10351
   22.00000     0.00373
   22.02000    -0.09196
   22.04000    -0.17487
   22.06000    -0.23820
   22.08000    -0.27675
   22.10000    -0.28770
   22.12000    -0.27118
   22.14000    -0.23035
   22.16000    -0.17136
   22.18000    -0.10228
   22.20000    -0.03143
   22.22000     0.03382
   22.24000     0.08715
   22.26000     0.12320
   22.28000     0.13782
   22.30000     0.12848
   22.32000     0.09512
   22.34000     0.04070
   22.36000    -0.02973
   22.38000    -0.10999
   22.40000    -0.19378
   22.42000    -0.27541
   22.44000    -0.34972
   22.46000    -0.41147
   22.48000    -0.45569
   22.50000    -0.47877
   22.52000    -0.47883
   22.54000    -0.45548
   22.56000    -0.40955
   22.58000    -0.34287
   22.60000    -0.25866
   22.62000    -0.16200
   22.64000    -0.06071
   22.66000     0.03526
   22.68000     0.11646
   22.70000     0.17597
   22.72000     0.21037
   22.74000     0.21959
   22.76000     0.20603
   22.78000     0.17326
   22.80000     0.12546
   22.82000     0.06804
   22.84000     0.00779
   22.86000    -0.04802
   22.88000    -0.09276
   22.90000    -0.12156
   22.92000    -0.13163
   22.94000    -0.12227
   22.96000    -0.09439
   22.98000    -0.05012
   23.00000     0.00694
   23.02000     0.07146
   23.04000     0.13688
   23.06000     0.19660
   23.08000     0.24510
   23.10000     0.27909
   23.12000     0.29784
   23.14000     0.30202
   23.16000     0.29285
   23.18000     0.27215
   23.20000     0.24223
   23.22000     0.20630
   23.24000     0.16874
   23.26000     0.13420
   23.28000     0.10590
   23.30000     0.08463
   23.32000     0.06930
   23.34000     0.05779
   23.36000     0.04771
   23.38000     0.03721
   23.40000     0.02585
   23.42000     0.01420
   23.44000     0.00311
   23.46000    -0.00625
   23.48000    -0.01250
   23.50000    -0.01475
   23.52000    -0.01288
   23.54000    -0.00742
   23.56000   6.659E-04
   23.58000     0.00963
   23.60000     0.01681
   23.62000     0.01941
   23.64000     0.01507
   23.66000     0.00211
   23.68000    -0.01967
   23.70000    -0.04831
   23.72000    -0.08043
   23.74000    -0.11251
   23.76000    -0.14148
   23.78000    -0.16474
   23.80000    -0.18040
   23.82000    -0.18706
   23.84000    -0.18414
   23.86000    -0.17232
   23.88000    -0.15361
   23.90000    -0.13100
   23.92000    -0.10674
   23.94000    -0.08099
   23.96000    -0.05256
   23.98000    -0.02065
   24.00000     0.01464
   24.02000     0.05137
   24.04000     0.08584
   24.06000     0.11448
   24.08000     0.13536
   24.10000     0.14746
   24.12000     0.15033
   24.14000     0.14476
   24.16000     0.13248
   24.18000     0.11607
   24.20000     0.09927
   24.22000     0.08610
   24.24000     0.07917
   24.26000     0.07885
   24.28000     0.08348
   24.30000     0.09058
   24.32000     0.09773
   24.34000     0.10303
   24.36000     0.10519
   24.38000     0.10324
   24.40000     0.09630
   24.42000     0.08412
   24.44000     0.06782
   24.46000     0.04935
   24.48000     0.03023
   24.50000     0.01090
   24.52000    -0.00919
   24.54000    -0.03038
   24.56000    -0.05159
   24.58000    -0.07019
   24.60000    -0.08328
   24.62000    -0.08942
   24.64000    -0.08960
   24.66000    -0.08646
   24.68000    -0.08254
   24.70000    -0.07898
   24.72000    -0.07555
   24.74000    -0.07164
   24.76000    -0.06713
   24.78000    -0.06288
   24.80000    -0.06059
   24.82000    -0.06136
   24.84000    -0.06560
   24.86000    -0.07393
   24.88000    -0.08743
   24.90000    -0.10752
   24.92000    -0.13526
   24.94000    -0.16984
   24.96000    -0.20732
   24.98000    -0.24155
   25.00000    -0.26645
   25.02000    -0.27720
   25.04000    -0.27104
   25.06000    -0.24801
   25.08000    -0.20994
   25.10000    -0.15887
   25.12000    -0.09725
   25.14000    -0.02900
   25.16000     0.04055
   25.18000     0.10494
   25.20000     0.15672
   25.22000     0.18921
   25.24000     0.19920
   25.26000     0.18736
   25.28000     0.15711
   25.30000     0.11374
   25.32000     0.06324
   25.34000     0.01140
   25.36000    -0.03632
   25.38000    -0.07482
   25.40000    -0.10013
   25.42000    -0.11042
   25.44000    -0.10657
   25.46000    -0.09119
   25.48000    -0.06725
   25.50000    -0.03698
   25.52000    -0.00143
   25.54000     0.03869
   25.56000     0.08179
   25.58000     0.12530
   25.60000     0.16594
   25.62000     0.20020
   25.64000     0.22510
   25.66000     0.23853
   25.68000     0.23947
   25.70000     0.22743
   25.72000     0.20293
   25.74000     0.16783
   25.76000     0.12484
   25.78000     0.07730
   25.80000     0.02947
   25.82000    -0.01410
   25.84000    -0.04968
   25.86000    -0.07437
   25.88000    -0.08652
   25.90000    -0.08582
   25.92000    -0.07293
   25.94000    -0.04927
   25.96000    -0.01758
   25.98000     0.01813
   26.00000     0.05319
   26.02000     0.08237
   26.04000     0.10096
   26.06000     0.10621
   26.08000     0.09676
   26.10000     0.07221
   26.12000     0.03396
   26.14000    -0.01490
   26.16000    -0.06981
   26.18000    -0.12468
   26.20000    -0.17290
   26.22000    -0.20881
   26.24000    -0.22854
   26.26000    -0.23045
   26.28000    -0.21477
   26.30000    -0.18296
   26.32000    -0.13779
   26.34000    -0.08370
   26.36000    -0.02581
   26.38000     0.03068
   26.40000     0.08040
   26.42000     0.11833
   26.44000     0.14078
   26.46000     0.14540
   26.48000     0.13157
   26.50000     0.10141
   26.52000     0.05974
   26.54000     0.01267
   26.56000    -0.03391
   26.58000    -0.07537
   26.60000    -0.10852
   26.62000    -0.13159
   26.64000    -0.14373
   26.66000    -0.14441
   26.68000    -0.13339
   26.70000    -0.11088
   26.72000    -0.07791
   26.74000    -0.03598
   26.76000     0.01256
   26.78000     0.06410
   26.80000     0.11408
   26.82000     0.15762
   26.84000     0.19047
   26.86000     0.21016
   26.88000     0.21619
   26.90000     0.20913
   26.92000     0.18991
   26.94000     0.15984
   26.96000     0.12071
   26.98000     0.07574
   27.00000     0.02999
   27.02000    -0.01088
   27.04000    -0.04202
   27.06000    -0.06081
   27.08000    -0.06682
   27.10000    -0.06092
   27.12000    -0.04472
   27.14000    -0.02023
   27.16000     0.01055
   27.18000     0.04487
   27.20000     0.07911
   27.22000     0.10947
   27.24000     0.13269
   27.26000     0.14607
   27.28000     0.14757
   27.30000     0.13587
   27.32000     0.11099
   27.34000     0.07462
   27.36000     0.02990
   27.38000    -0.01911
   27.40000    -0.06828
   27.42000    -0.11424
   27.44000    -0.15499
   27.46000    -0.18947
   27.48000    -0.21666
   27.50000    -0.23546
   27.52000    -0.24468
   27.54000    -0.24306
   27.56000    -0.22960
   27.58000    -0.20440
   27.60000    -0.16931
   27.62000    -0.12780
   27.64000    -0.08453
   27.66000    -0.04456
   27.68000    -0.01217
   27.70000     0.01024
   27.72000     0.02218
   27.74000     0.02444
   27.76000     0.01863
   27.78000     0.00703
   27.80000    -0.00740
   27.82000    -0.02119
   27.84000    -0.03073
   27.86000    -0.03340
   27.88000    -0.02844
   27.90000    -0.01675
   27.92000  -1.554E-04
   27.94000     0.01953
   27.96000     0.04096
   27.98000     0.06296
   28.00000     0.08392
   28.02000     0.10170
   28.04000     0.11443
   28.06000     0.12122
   28.08000     0.12206
   28.10000     0.11774
   28.12000     0.10910
   28.14000     0.09665
   28.16000     0.08137
   28.18000     0.06558
   28.20000     0.05259
   28.22000     0.04514
   28.24000     0.04472
   28.26000     0.05117
   28.28000     0.06264
   28.30000     0.07688
   28.32000     0.09252
   28.34000     0.10755
   28.36000     0.11854
   28.38000     0.12200
   28.40000     0.11539
   28.42000     0.09815
   28.44000     0.07266
   28.46000     0.04300
   28.48000     0.01268
   28.50000    -0.01638
   28.52000    -0.04299
   28.54000    -0.06553
   28.56000    -0.08171
   28.58000    -0.08960
   28.60000    -0.08894
   28.62000    -0.08182
   28.64000    -0.07163
   28.66000    -0.06116
   28.68000    -0.05160
   28.70000    -0.04331
   28.72000    -0.03728
   28.74000    -0.03612
   28.76000    -0.04341
   28.78000    -0.06177
   28.80000    -0.09052
   28.82000    -0.12645
   28.84000    -0.16513
   28.86000    -0.20152
   28.88000    -0.23102
   28.90000    -0.25007
   28.92000    -0.25547
   28.94000    -0.24454
   28.96000    -0.21714
   28.98000    -0.17618
   29.00000    -0.12585
   29.02000    -0.07028
   29.04000    -0.01309
   29.06000     0.04292
   29.08000     0.09521
   29.10000     0.14044
   29.12000     0.17424
   29.14000     0.19322
   29.16000     0.19602
   29.18000     0.18336
   29.20000     0.15780
   29.22000     0.12295
   29.24000     0.08267
   29.26000     0.04103
   29.28000     0.00248
   29.30000    -0.02864
   29.32000    -0.04868
   29.34000    -0.05513
   29.36000    -0.04710
   29.38000    -0.02557
   29.40000     0.00694
   29.42000     0.04713
   29.44000     0.09090
   29.46000     0.13330
   29.48000     0.16938
   29.50000     0.19498
   29.52000     0.20674
   29.54000     0.20246
   29.56000     0.18195
   29.58000     0.14697
   29.60000     0.10017
   29.62000     0.04516
   29.64000    -0.01292
   29.66000    -0.06836
   29.68000    -0.11608
   29.70000    -0.15243
   29.72000    -0.17570
   29.74000    -0.18651
   29.76000    -0.18711
   29.78000    -0.17968
   29.80000    -0.16576
   29.82000    -0.14689
   29.84000    -0.12493
   29.86000    -0.10187
   29.88000    -0.07979
   29.90000    -0.06065
   29.92000    -0.04562
   29.94000    -0.03486
   29.96000    -0.02741
   29.98000    -0.02134
   30.00000    -0.01429
   30.02000    -0.00471
   30.04000     0.00723
   30.06000     0.01968
   30.08000     0.03038
   30.10000     0.03826
   30.12000     0.04369
   30.14000     0.04763
   30.16000     0.05076
   30.18000     0.05270
   30.20000     0.05228
   30.22000     0.04881
   30.24000     0.04299
   30.26000     0.03612
   30.28000     0.02913
   30.30000     0.02275
   30.32000     0.01774
   30.34000     0.01458
   30.36000     0.01387
   30.38000     0.01662
   30.40000     0.02302
   30.42000     0.03197
   30.44000     0.04210
   30.46000     0.05244
   30.48000     0.06182
   30.50000     0.06873
   30.52000     0.07216
   30.54000     0.07166
   30.56000     0.06691
   30.58000     0.05781
   30.60000     0.04515
   30.62000     0.02978
   30.64000     0.01214
   30.66000    -0.00670
   30.68000    -0.02497
   30.70000    -0.04138
   30.72000    -0.05517
   30.74000    -0.06527
   30.76000    -0.07061
   30.78000    -0.07067
   30.80000    -0.06529
   30.82000    -0.05526
   30.84000    -0.04261
   30.86000    -0.02997
   30.88000    -0.01968
   30.90000    -0.01335
   30.92000    -0.01142
   30.94000    -0.01363
   30.96000    -0.01956
   30.98000    -0.02833
   31.00000    -0.03866
   31.02000    -0.04911
   31.04000    -0.05825
   31.06000    -0.06450
   31.08000    -0.06674
   31.10000    -0.06475
   31.12000    -0.05884
   31.14000    -0.04917
   31.16000    -0.03622
   31.18000    -0.02108
   31.20000    -0.00455
   31.22000     0.01286
   31.24000     0.03032
   31.26000     0.04725
   31.28000     0.06352
   31.30000     0.07882
   31.32000     0.09224
   31.34000     0.10262
   31.36000     0.10864
   31.38000     0.10874
   31.40000     0.10177
   31.42000     0.08785
   31.44000     0.06858
   31.46000     0.04661
   31.48000     0.02525
   31.50000     0.00767
   31.52000    -0.00373
   31.54000    -0.00770
   31.56000    -0.00433
   31.58000     0.00538
   31.60000     0.01945
   31.62000     0.03503
   31.64000     0.04917
   31.66000     0.05966
   31.68000     0.06503
   31.70000     0.06456
   31.72000     0.05827
   31.74000     0.04644
   31.76000     0.02964
   31.78000     0.00878
   31.80000    -0.01492
   31.82000    -0.04010
   31.84000    -0.06541
   31.86000    -0.08936
   31.88000    -0.11026
   31.90000    -0.12615
   31.92000    -0.13519
   31.94000    -0.13626
   31.96000    -0.12894
   31.98000    -0.11356
   32.00000    -0.09097
   32.02000    -0.06250
   32.04000    -0.03009
   32.06000     0.00353
   32.08000     0.03503
   32.10000     0.06072
   32.12000     0.07737
   32.14000     0.08325
   32.16000     0.07853
   32.18000     0.06493
   32.20000     0.04496
   32.22000     0.02174
   32.24000    -0.00161
   32.26000    -0.02226
   32.28000    -0.03732
   32.30000    -0.04405
   32.32000    -0.04091
   32.34000    -0.02817
   32.36000    -0.00762
   32.38000     0.01808
   32.40000     0.04606
   32.42000     0.07401
   32.44000     0.10060
   32.46000     0.12468
   32.48000     0.14456
   32.50000     0.15804
   32.52000     0.16313
   32.54000     0.15895
   32.56000     0.14601
   32.58000     0.12611
   32.60000     0.10151
   32.62000     0.07396
   32.64000     0.04456
   32.66000     0.01462
   32.68000    -0.01390
   32.70000    -0.03830
   32.72000    -0.05590
   32.74000    -0.06504
   32.76000    -0.06556
   32.78000    -0.05860
   32.80000    -0.04608
   32.82000    -0.03046
   32.84000    -0.01440
   32.86000  -8.251E-04
   32.88000     0.00701
   32.90000     0.00578
   32.92000    -0.00697
   32.94000    -0.03256
   32.96000    -0.07140
   32.98000    -0.12237
   33.00000    -0.18238
   33.02000    -0.24631
   33.04000    -0.30698
   33.06000    -0.35562
   33.08000    -0.38392
   33.10000    -0.38644
   33.12000    -0.36187
   33.14000    -0.31311
   33.16000    -0.24614
   33.18000    -0.16769
   33.20000    -0.08404
   33.22000    -0.00100
   33.24000     0.07557
   33.26000     0.13959
   33.28000     0.18535
   33.30000     0.20904
   33.32000     0.20993
   33.34000     0.19027
   33.36000     0.15443
   33.38000     0.10760
   33.40000     0.05511
   33.42000     0.00233
   33.44000    -0.04533
   33.46000    -0.08279
   33.48000    -0.10590
   33.50000    -0.11174
   33.52000    -0.09896
   33.54000    -0.06784
   33.56000    -0.01994
   33.58000     0.04167
   33.60000     0.11202
   33.62000     0.18439
   33.64000     0.25151
   33.66000     0.30645
   33.68000     0.34352
   33.70000     0.35900
   33.72000     0.35148
   33.74000     0.32166
   33.76000     0.27212
   33.78000     0.20740
   33.80000     0.13329
   33.82000     0.05574
   33.84000    -0.01935
   33.86000    -0.08631
   33.88000    -0.13984
   33.90000    -0.17552
   33.92000    -0.19029
   33.94000    -0.18324
   33.96000    -0.15620
   33.98000    -0.11330
   34.00000    -0.06015
   34.02000    -0.00307
   34.04000     0.05130
   34.06000     0.09647
   34.08000     0.12682
   34.10000     0.13831
   34.12000     0.12910
   34.14000     0.09999
   34.16000     0.05417
   34.18000    -0.00361
   34.20000    -0.06768
   34.22000    -0.13190
   34.24000    -0.19005
   34.26000    -0.23667
   34.28000    -0.26728
   34.30000    -0.27859
   34.32000    -0.26920
   34.34000    -0.23967
   34.36000    -0.19205
   34.38000    -0.12993
   34.40000    -0.05852
   34.42000     0.01564
   34.44000     0.08521
   34.46000     0.14246
   34.48000     0.18066
   34.50000     0.19574
   34.52000     0.18683
   34.54000     0.15613
   34.56000     0.10873
   34.58000     0.05166
   34.60000    -0.00709
   34.62000    -0.05946
   34.64000    -0.09852
   34.66000    -0.11966
   34.68000    -0.12122
   34.70000    -0.10399
   34.72000    -0.07056
   34.74000    -0.02489
   34.76000     0.02789
   34.78000     0.08132
   34.80000     0.12828
   34.82000     0.16275
   34.84000     0.18102
   34.86000     0.18202
   34.88000     0.16675
   34.90000     0.13722
   34.92000     0.09687
   34.94000     0.04895
   34.96000    -0.00266
   34.98000    -0.05244
   35.00000    -0.09464
   35.02000    -0.12534
   35.04000    -0.14206
   35.06000    -0.14306
   35.08000    -0.12923
   35.10000    -0.10416
   35.12000    -0.07130
   35.14000    -0.03448
   35.16000   9.336E-04
   35.18000     0.02997
   35.20000     0.05027
   35.22000     0.06053
   35.24000     0.05947
   35.26000     0.04726
   35.28000     0.02582
   35.30000    -0.00299
   35.32000    -0.03707
   35.34000    -0.07250
   35.36000    -0.10459
   35.38000    -0.13028
   35.40000    -0.14769
   35.42000    -0.15539
   35.44000    -0.15319
   35.46000    -0.14256
   35.48000    -0.12480
   35.50000    -0.10102
   35.52000    -0.07309
   35.54000    -0.04350
   35.56000    -0.01474
   35.58000     0.01118
   35.60000     0.03245
   35.62000     0.04781
   35.64000     0.05720
   35.66000     0.06128
   35.68000     0.06054
   35.70000     0.05549
   35.72000     0.04709
   35.74000     0.03616
   35.76000     0.02341
   35.78000     0.00983
   35.80000    -0.00297
   35.82000    -0.01372
   35.84000    -0.02178
   35.86000    -0.02588
   35.88000    -0.02418
   35.90000    -0.01624
   35.92000    -0.00168
   35.94000     0.01977
   35.96000     0.04665
   35.98000     0.07616
   36.00000     0.10588
   36.02000     0.13373
   36.04000     0.15698
   36.06000     0.17269
   36.08000     0.17900
   36.10000     0.17511
   36.12000     0.16079
   36.14000     0.13758
   36.16000     0.10841
   36.18000     0.07623
   36.20000     0.04367
   36.22000     0.01347
   36.24000    -0.01138
   36.26000    -0.02826
   36.28000    -0.03604
   36.30000    -0.03479
   36.32000    -0.02542
   36.34000    -0.01026
   36.36000     0.00784
   36.38000     0.02713
   36.40000     0.04605
   36.42000     0.06216
   36.44000     0.07367
   36.46000     0.07989
   36.48000     0.08002
   36.50000     0.07359
   36.52000     0.06170
   36.54000     0.04614
   36.56000     0.02817
   36.58000     0.00904
   36.60000    -0.00928
   36.62000    -0.02583
   36.64000    -0.04069
   36.66000    -0.05324
   36.68000    -0.06270
   36.70000    -0.06945
   36.72000    -0.07406
   36.74000    -0.07618
   36.76000    -0.07573
   36.78000    -0.07371
   36.80000    -0.07162
   36.82000    -0.07161
   36.84000    -0.07633
   36.86000    -0.08750
   36.88000    -0.10452
   36.90000    -0.12428
   36.92000    -0.14225
   36.94000    -0.15415
   36.96000    -0.15718
   36.98000    -0.15087
   37.00000    -0.13706
   37.02000    -0.11852
   37.04000    -0.09734
   37.06000    -0.07455
   37.08000    -0.05032
   37.10000    -0.02500
   37.12000   3.191E-04
   37.14000     0.02401
   37.16000     0.04406
   37.18000     0.05890
   37.20000     0.06804
   37.22000     0.07144
   37.24000     0.06896
   37.26000     0.06122
   37.28000     0.04979
   37.30000     0.03701
   37.32000     0.02548
   37.34000     0.01712
   37.36000     0.01221
   37.38000     0.00989
   37.40000     0.00944
   37.42000     0.01137
   37.44000     0.01687
   37.46000     0.02638
   37.48000     0.03890
   37.50000     0.05190
   37.52000     0.06209
   37.54000     0.06692
   37.56000     0.06542
   37.58000     0.05754
   37.60000     0.04345
   37.62000     0.02324
   37.64000    -0.00258
   37.66000    -0.03274
   37.68000    -0.06502
   37.70000    -0.09663
   37.72000    -0.12485
   37.74000    -0.14770
   37.76000    -0.16370
   37.78000    -0.17110
   37.80000    -0.16776
   37.82000    -0.15174
   37.84000    -0.12215
   37.86000    -0.08015
   37.88000    -0.02931
   37.90000     0.02525
   37.92000     0.07820
   37.94000     0.12495
   37.96000     0.16197
   37.98000     0.18673
   38.00000     0.19761
   38.02000     0.19390
   38.04000     0.17627
   38.06000     0.14725
   38.08000     0.11097
   38.10000     0.07199
   38.12000     0.03458
   38.14000     0.00231
   38.16000    -0.02226
   38.18000    -0.03724
   38.20000    -0.04122
   38.22000    -0.03341
   38.24000    -0.01431
   38.26000     0.01386
   38.28000     0.04769
   38.30000     0.08340
   38.32000     0.11689
   38.34000     0.14401
   38.36000     0.16139
   38.38000     0.16625
   38.40000     0.15652
   38.42000     0.13199
   38.44000     0.09499
   38.46000     0.04927
   38.48000  -7.140E-04
   38.50000    -0.04995
   38.52000    -0.09376
   38.54000    -0.12855
   38.56000    -0.15163
   38.58000    -0.16093
   38.60000    -0.15565
   38.62000    -0.13681
   38.64000    -0.10678
   38.66000    -0.06900
   38.68000    -0.02797
   38.70000     0.01154
   38.72000     0.04572
   38.74000     0.07156
   38.76000     0.08626
   38.78000     0.08771
   38.80000     0.07494
   38.82000     0.04797
   38.84000     0.00857
   38.86000    -0.03930
   38.88000    -0.09063
   38.90000    -0.14036
   38.92000    -0.18353
   38.94000    -0.21535
   38.96000    -0.23172
   38.98000    -0.22962
   39.00000    -0.20768
   39.02000    -0.16709
   39.04000    -0.11199
   39.06000    -0.04819
   39.08000     0.01821
   39.10000     0.08112
   39.12000     0.13493
   39.14000     0.17498
   39.16000     0.19749
   39.18000     0.19990
   39.20000     0.18219
   39.22000     0.14728
   39.24000     0.10020
   39.26000     0.04713
   39.28000    -0.00554
   39.30000    -0.05230
   39.32000    -0.08920
   39.34000    -0.11362
   39.36000    -0.12384
   39.38000    -0.11962
   39.40000    -0.10234
   39.42000    -0.07426
   39.44000    -0.03861
   39.46000   1.413E-04
   39.48000     0.03726
   39.50000     0.06887
   39.52000     0.09155
   39.54000     0.10281
   39.56000     0.10215
   39.58000     0.09041
   39.60000     0.06890
   39.62000     0.03965
   39.64000     0.00587
   39.66000    -0.02924
   39.68000    -0.06264
   39.70000    -0.09088
   39.72000    -0.11093
   39.74000    -0.12120
   39.76000    -0.12121
   39.78000    -0.11091
   39.80000    -0.09120
   39.82000    -0.06377
   39.84000    -0.03039
   39.86000     0.00670
   39.88000     0.04401
   39.90000     0.07744
   39.92000     0.10326
   39.94000     0.11837
   39.96000     0.12073
   39.98000     0.10988
   40.00000     0.08679
