 
 ETABS v9.6.0  File:EXAM06-2  Units:N-mm  May 30, 2023 16:01  PAGE 1
 
 T I M E   H I S T O R Y   D A T A 
 
 FUNCTION  Point3:  Joint 3  Story STORY4  Displacement  UX
 
       TIME    FUNCTION
                 Point3
    0.00000     0.00000
    0.02000    -0.00610
    0.04000    -0.02881
    0.06000    -0.03640
    0.08000    -0.01019
    0.10000     0.05054
    0.12000     0.13043
    0.14000     0.19486
    0.16000     0.25076
    0.18000     0.31848
    0.20000     0.38337
    0.22000     0.45026
    0.24000     0.52978
    0.26000     0.62110
    0.28000     0.69142
    0.30000     0.74378
    0.32000     0.80397
    0.34000     0.87891
    0.36000     0.95984
    0.38000     1.04568
    0.40000     1.13570
    0.42000     1.21299
    0.44000     1.28159
    0.46000     1.35501
    0.48000     1.44762
    0.50000     1.55133
    0.52000     1.64540
    0.54000     1.74453
    0.56000     1.85288
    0.58000     1.96864
    0.60000     2.10252
    0.62000     2.26887
    0.64000     2.43205
    0.66000     2.55662
    0.68000     2.68473
    0.70000     2.84036
    0.72000     3.00703
    0.74000     3.18250
    0.76000     3.39942
    0.78000     3.63383
    0.80000     3.86412
    0.82000     4.08894
    0.84000     4.26645
    0.86000     4.37761
    0.88000     4.42469
    0.90000     4.43015
    0.92000     4.42338
    0.94000     4.40122
    0.96000     4.40447
    0.98000     4.47979
    1.00000     4.63405
    1.02000     4.87457
    1.04000     5.16021
    1.06000     5.48215
    1.08000     5.84744
    1.10000     6.28978
    1.12000     6.83075
    1.14000     7.41606
    1.16000     8.03312
    1.18000     8.67003
    1.20000     9.30546
    1.22000     9.92928
    1.24000    10.52449
    1.26000    11.09617
    1.28000    11.55185
    1.30000    11.77353
    1.32000    11.79546
    1.34000    11.72022
    1.36000    11.58308
    1.38000    11.42219
    1.40000    11.31876
    1.42000    11.31923
    1.44000    11.41932
    1.46000    11.65052
    1.48000    12.00892
    1.50000    12.41372
    1.52000    12.83559
    1.54000    13.30610
    1.56000    13.80470
    1.58000    14.23060
    1.60000    14.48981
    1.62000    14.56562
    1.64000    14.52558
    1.66000    14.40076
    1.68000    14.17817
    1.70000    13.88235
    1.72000    13.53799
    1.74000    13.17283
    1.76000    12.89427
    1.78000    12.79631
    1.80000    12.89593
    1.82000    13.17181
    1.84000    13.53780
    1.86000    13.91037
    1.88000    14.24920
    1.90000    14.59261
    1.92000    14.93470
    1.94000    15.19375
    1.96000    15.32243
    1.98000    15.30751
    2.00000    15.10077
    2.02000    14.68325
    2.04000    14.10072
    2.06000    13.36882
    2.08000    12.44160
    2.10000    11.28844
    2.12000     9.89743
    2.14000     8.24813
    2.16000     6.23400
    2.18000     3.69184
    2.20000     0.55722
    2.22000    -2.98591
    2.24000    -6.75477
    2.26000   -10.74149
    2.28000   -14.87862
    2.30000   -18.98202
    2.32000   -22.86011
    2.34000   -26.30440
    2.36000   -29.20778
    2.38000   -31.82232
    2.40000   -34.69602
    2.42000   -38.26074
    2.44000   -42.60918
    2.46000   -47.69615
    2.48000   -53.53101
    2.50000   -59.99776
    2.52000   -66.70179
    2.54000   -73.26014
    2.56000   -79.50352
    2.58000   -85.37812
    2.60000   -90.81557
    2.62000   -95.76460
    2.64000  -100.17669
    2.66000  -103.97670
    2.68000  -107.10477
    2.70000  -109.49905
    2.72000  -111.06933
    2.74000  -111.70903
    2.76000  -111.39533
    2.78000  -110.32480
    2.80000  -108.90131
    2.82000  -107.61107
    2.84000  -106.76417
    2.86000  -106.34809
    2.88000  -106.15907
    2.90000  -105.89798
    2.92000  -105.26118
    2.94000  -104.02198
    2.96000  -102.05630
    2.98000   -99.32756
    3.00000   -95.88982
    3.02000   -91.81458
    3.04000   -87.09494
    3.06000   -81.74028
    3.08000   -75.86268
    3.10000   -69.59612
    3.12000   -63.04020
    3.14000   -56.28531
    3.16000   -49.48921
    3.18000   -42.87627
    3.20000   -36.65127
    3.22000   -30.97677
    3.24000   -26.04223
    3.26000   -22.00279
    3.28000   -18.90576
    3.30000   -16.76362
    3.32000   -15.58974
    3.34000   -15.31449
    3.36000   -15.69846
    3.38000   -16.45472
    3.40000   -17.44208
    3.42000   -18.66296
    3.44000   -20.09808
    3.46000   -21.72082
    3.48000   -23.55146
    3.50000   -25.61341
    3.52000   -27.82506
    3.54000   -30.13285
    3.56000   -32.60374
    3.58000   -35.37857
    3.60000   -38.53483
    3.62000   -42.04440
    3.64000   -45.83776
    3.66000   -49.91079
    3.68000   -54.28579
    3.70000   -58.80140
    3.72000   -63.06200
    3.74000   -66.67759
    3.76000   -69.39348
    3.78000   -71.15244
    3.80000   -72.17911
    3.82000   -72.86576
    3.84000   -73.54954
    3.86000   -74.27440
    3.88000   -74.70721
    3.90000   -74.47953
    3.92000   -73.41947
    3.94000   -71.48750
    3.96000   -68.71069
    3.98000   -65.27957
    4.00000   -61.40873
    4.02000   -57.08178
    4.04000   -52.19351
    4.06000   -46.79529
    4.08000   -40.95069
    4.10000   -34.59852
    4.12000   -27.67904
    4.14000   -20.17832
    4.16000   -12.02108
    4.18000    -3.17061
    4.20000     6.22663
    4.22000    15.83181
    4.24000    25.21341
    4.26000    34.00617
    4.28000    41.99671
    4.30000    49.10674
    4.32000    55.27281
    4.34000    60.39691
    4.36000    64.39689
    4.38000    67.23603
    4.40000    68.86134
    4.42000    69.19278
    4.44000    68.22014
    4.46000    66.13299
    4.48000    63.34063
    4.50000    60.35639
    4.52000    57.52512
    4.54000    54.91900
    4.56000    52.50715
    4.58000    50.31968
    4.60000    48.43014
    4.62000    46.91582
    4.64000    45.84540
    4.66000    45.20877
    4.68000    44.84620
    4.70000    44.45043
    4.72000    43.67288
    4.74000    42.29742
    4.76000    40.35803
    4.78000    37.94211
    4.80000    35.02385
    4.82000    31.44889
    4.84000    27.02386
    4.86000    21.71511
    4.88000    15.79617
    4.90000     9.66968
    4.92000     3.59503
    4.94000    -2.36154
    4.96000    -8.22108
    4.98000   -13.95752
    5.00000   -19.49386
    5.02000   -24.78157
    5.04000   -29.78087
    5.06000   -34.40076
    5.08000   -38.48391
    5.10000   -41.82760
    5.12000   -44.27775
    5.14000   -45.74861
    5.16000   -46.12105
    5.18000   -45.24797
    5.20000   -43.07532
    5.22000   -39.65805
    5.24000   -35.06551
    5.26000   -29.34079
    5.28000   -22.51383
    5.30000   -14.62772
    5.32000    -5.72888
    5.34000     4.14481
    5.36000    14.98143
    5.38000    26.77416
    5.40000    39.42974
    5.42000    52.67701
    5.44000    66.13683
    5.46000    79.49473
    5.48000    92.61923
    5.50000   105.55199
    5.52000   118.38581
    5.54000   131.17398
    5.56000   143.90845
    5.58000   156.53092
    5.60000   168.94177
    5.62000   181.03082
    5.64000   192.68731
    5.66000   203.76468
    5.68000   214.06501
    5.70000   223.37473
    5.72000   231.52117
    5.74000   238.38967
    5.76000   243.90486
    5.78000   248.01576
    5.80000   250.68319
    5.82000   251.88912
    5.84000   251.71345
    5.86000   250.30663
    5.88000   247.74512
    5.90000   244.01038
    5.92000   239.03860
    5.94000   232.81071
    5.96000   225.39742
    5.98000   216.89205
    6.00000   207.37032
    6.02000   196.95052
    6.04000   185.82634
    6.06000   174.15453
    6.08000   162.00935
    6.10000   149.46398
    6.12000   136.64113
    6.14000   123.67348
    6.16000   110.62590
    6.18000    97.46966
    6.20000    84.16289
    6.22000    70.73141
    6.24000    57.27199
    6.26000    43.91792
    6.28000    30.82156
    6.30000    18.15421
    6.32000     6.09207
    6.34000    -5.22967
    6.36000   -15.74133
    6.38000   -25.41180
    6.40000   -34.24588
    6.42000   -42.26611
    6.44000   -49.48367
    6.46000   -55.87452
    6.48000   -61.37652
    6.50000   -65.93270
    6.52000   -69.53137
    6.54000   -72.21687
    6.56000   -74.05363
    6.58000   -75.08547
    6.60000   -75.33334
    6.62000   -74.84995
    6.64000   -73.75244
    6.66000   -72.18404
    6.68000   -70.28580
    6.70000   -68.17390
    6.72000   -65.93542
    6.74000   -63.66000
    6.76000   -61.42473
    6.78000   -59.24574
    6.80000   -57.11379
    6.82000   -55.04699
    6.84000   -53.08951
    6.86000   -51.27489
    6.88000   -49.60830
    6.90000   -48.06472
    6.92000   -46.61400
    6.94000   -45.25716
    6.96000   -44.04336
    6.98000   -43.08021
    7.00000   -42.51910
    7.02000   -42.49032
    7.04000   -43.02567
    7.06000   -44.06171
    7.08000   -45.54751
    7.10000   -47.51631
    7.12000   -50.03283
    7.14000   -53.12253
    7.16000   -56.74571
    7.18000   -60.82781
    7.20000   -65.38397
    7.22000   -70.45391
    7.24000   -75.94403
    7.26000   -81.63022
    7.28000   -87.28563
    7.30000   -92.79233
    7.32000   -98.12899
    7.34000  -103.27904
    7.36000  -108.17516
    7.38000  -112.69633
    7.40000  -116.71864
    7.42000  -120.14989
    7.44000  -122.94912
    7.46000  -125.14461
    7.48000  -126.84756
    7.50000  -128.21607
    7.52000  -129.38210
    7.54000  -130.44311
    7.56000  -131.50847
    7.58000  -132.67599
    7.60000  -133.93286
    7.62000  -135.15446
    7.64000  -136.20268
    7.66000  -136.97837
    7.68000  -137.39813
    7.70000  -137.36579
    7.72000  -136.81662
    7.74000  -135.74502
    7.76000  -134.17731
    7.78000  -132.13643
    7.80000  -129.64837
    7.82000  -126.76729
    7.84000  -123.56795
    7.86000  -120.11387
    7.88000  -116.45776
    7.90000  -112.71544
    7.92000  -109.10038
    7.94000  -105.83994
    7.96000  -103.13781
    7.98000  -101.13780
    8.00000   -99.86388
    8.02000   -99.22110
    8.04000   -99.06344
    8.06000   -99.23873
    8.08000   -99.61123
    8.10000  -100.05947
    8.12000  -100.48053
    8.14000  -100.80306
    8.16000  -101.00737
    8.18000  -101.10815
    8.20000  -101.10488
    8.22000  -100.98281
    8.24000  -100.71563
    8.26000  -100.29275
    8.28000   -99.75504
    8.30000   -99.14518
    8.32000   -98.48558
    8.34000   -97.79117
    8.36000   -97.08247
    8.38000   -96.38000
    8.40000   -95.70833
    8.42000   -95.09769
    8.44000   -94.56439
    8.46000   -94.09654
    8.48000   -93.64341
    8.50000   -93.12887
    8.52000   -92.48723
    8.54000   -91.67420
    8.56000   -90.65040
    8.58000   -89.36601
    8.60000   -87.72414
    8.62000   -85.61186
    8.64000   -82.92099
    8.66000   -79.54252
    8.68000   -75.40088
    8.70000   -70.47693
    8.72000   -64.79939
    8.74000   -58.42863
    8.76000   -51.44594
    8.78000   -43.93991
    8.80000   -35.99077
    8.82000   -27.69500
    8.84000   -19.18588
    8.86000   -10.63302
    8.88000    -2.21533
    8.90000     5.92793
    8.92000    13.71900
    8.94000    21.14270
    8.96000    28.23790
    8.98000    35.01666
    9.00000    41.45677
    9.02000    47.53890
    9.04000    53.25117
    9.06000    58.61531
    9.08000    63.66523
    9.10000    68.42110
    9.12000    72.88615
    9.14000    77.08983
    9.16000    81.07739
    9.18000    84.85573
    9.20000    88.38820
    9.22000    91.62605
    9.24000    94.56387
    9.26000    97.24693
    9.28000    99.71115
    9.30000   101.94989
    9.32000   103.95732
    9.34000   105.76364
    9.36000   107.43874
    9.38000   109.03522
    9.40000   110.55750
    9.42000   111.96985
    9.44000   113.21616
    9.46000   114.26118
    9.48000   115.12972
    9.50000   115.88785
    9.52000   116.57812
    9.54000   117.19163
    9.56000   117.68503
    9.58000   118.04763
    9.60000   118.32716
    9.62000   118.57997
    9.64000   118.84281
    9.66000   119.16432
    9.68000   119.62160
    9.70000   120.27080
    9.72000   121.11468
    9.74000   122.15251
    9.76000   123.41976
    9.78000   124.94674
    9.80000   126.72881
    9.82000   128.75123
    9.84000   131.03252
    9.86000   133.62232
    9.88000   136.54211
    9.90000   139.75243
    9.92000   143.20528
    9.94000   146.90001
    9.96000   150.83065
    9.98000   154.89798
   10.00000   158.94309
   10.02000   162.82670
   10.04000   166.46496
   10.06000   169.80251
   10.08000   172.77711
   10.10000   175.33300
   10.12000   177.42752
   10.14000   179.03067
   10.16000   180.10920
   10.18000   180.62723
   10.20000   180.59159
   10.22000   180.06308
   10.24000   179.13372
   10.26000   177.86531
   10.28000   176.26119
   10.30000   174.33011
   10.32000   172.10761
   10.34000   169.59977
   10.36000   166.75474
   10.38000   163.50880
   10.40000   159.83616
   10.42000   155.72278
   10.44000   151.13371
   10.46000   146.02662
   10.48000   140.36373
   10.50000   134.10710
   10.52000   127.20909
   10.54000   119.64055
   10.56000   111.42537
   10.58000   102.65672
   10.60000    93.46869
   10.62000    83.99094
   10.64000    74.33049
   10.66000    64.58309
   10.68000    54.83340
   10.70000    45.14779
   10.72000    35.56968
   10.74000    26.12109
   10.76000    16.81976
   10.78000     7.70351
   10.80000    -1.17210
   10.82000    -9.78304
   10.84000   -18.13064
   10.86000   -26.19679
   10.88000   -33.93074
   10.90000   -41.27516
   10.92000   -48.18130
   10.94000   -54.58795
   10.96000   -60.43474
   10.98000   -65.70654
   11.00000   -70.43652
   11.02000   -74.66207
   11.04000   -78.39945
   11.06000   -81.65940
   11.08000   -84.46986
   11.10000   -86.87505
   11.12000   -88.90627
   11.14000   -90.58249
   11.16000   -91.93950
   11.18000   -93.03759
   11.20000   -93.93735
   11.22000   -94.68327
   11.24000   -95.30370
   11.26000   -95.81357
   11.28000   -96.21854
   11.30000   -96.50782
   11.32000   -96.64930
   11.34000   -96.59481
   11.36000   -96.31086
   11.38000   -95.79505
   11.40000   -95.05595
   11.42000   -94.07719
   11.44000   -92.81954
   11.46000   -91.25024
   11.48000   -89.34185
   11.50000   -87.05469
   11.52000   -84.34290
   11.54000   -81.18291
   11.56000   -77.59711
   11.58000   -73.65835
   11.60000   -69.47061
   11.62000   -65.12999
   11.64000   -60.73322
   11.66000   -56.37827
   11.68000   -52.13088
   11.70000   -48.01372
   11.72000   -44.03181
   11.74000   -40.19952
   11.76000   -36.52642
   11.78000   -33.01005
   11.80000   -29.65590
   11.82000   -26.48522
   11.84000   -23.51305
   11.86000   -20.72470
   11.88000   -18.09844
   11.90000   -15.63064
   11.92000   -13.32622
   11.94000   -11.17844
   11.96000    -9.16981
   11.98000    -7.29343
   12.00000    -5.56926
   12.02000    -4.02677
   12.04000    -2.69032
   12.06000    -1.57118
   12.08000    -0.67130
   12.10000     0.01123
   12.12000     0.47756
   12.14000     0.71402
   12.16000     0.68607
   12.18000     0.34124
   12.20000    -0.36501
   12.22000    -1.45164
   12.24000    -2.91216
   12.26000    -4.70148
   12.28000    -6.72262
   12.30000    -8.85036
   12.32000   -10.97247
   12.34000   -13.00816
   12.36000   -14.90455
   12.38000   -16.63091
   12.40000   -18.18158
   12.42000   -19.56604
   12.44000   -20.77465
   12.46000   -21.77002
   12.48000   -22.51882
   12.50000   -23.01919
   12.52000   -23.28693
   12.54000   -23.32686
   12.56000   -23.12656
   12.58000   -22.66832
   12.60000   -21.93378
   12.62000   -20.89673
   12.64000   -19.51138
   12.66000   -17.70627
   12.68000   -15.40285
   12.70000   -12.52173
   12.72000    -8.95709
   12.74000    -4.56360
   12.76000     0.78905
   12.78000     7.12310
   12.80000    14.33516
   12.82000    22.25437
   12.84000    30.69145
   12.86000    39.45680
   12.88000    48.37100
   12.90000    57.29190
   12.92000    66.13331
   12.94000    74.83925
   12.96000    83.37402
   12.98000    91.72299
   13.00000    99.88167
   13.02000   107.83983
   13.04000   115.57706
   13.06000   123.06528
   13.08000   130.27227
   13.10000   137.16439
   13.12000   143.70026
   13.14000   149.84177
   13.16000   155.56798
   13.18000   160.86464
   13.20000   165.71133
   13.22000   170.07732
   13.24000   173.91860
   13.26000   177.18108
   13.28000   179.81100
   13.30000   181.75606
   13.32000   182.95841
   13.34000   183.34550
   13.36000   182.82315
   13.38000   181.28049
   13.40000   178.57074
   13.42000   174.54328
   13.44000   169.15641
   13.46000   162.47964
   13.48000   154.61324
   13.50000   145.67713
   13.52000   135.81288
   13.54000   125.16928
   13.56000   113.90063
   13.58000   102.17255
   13.60000    90.13640
   13.62000    77.89563
   13.64000    65.51321
   13.66000    53.04574
   13.68000    40.56268
   13.70000    28.13713
   13.72000    15.83833
   13.74000     3.72646
   13.76000    -8.16079
   13.78000   -19.80869
   13.80000   -31.20305
   13.82000   -42.31523
   13.84000   -53.10123
   13.86000   -63.52165
   13.88000   -73.55281
   13.90000   -83.16790
   13.92000   -92.32189
   13.94000  -100.97134
   13.96000  -109.08402
   13.98000  -116.63366
   14.00000  -123.58699
   14.02000  -129.90781
   14.04000  -135.56621
   14.06000  -140.53798
   14.08000  -144.80898
   14.10000  -148.38178
   14.12000  -151.27761
   14.14000  -153.54561
   14.16000  -155.25029
   14.18000  -156.46864
   14.20000  -157.28481
   14.22000  -157.78034
   14.24000  -158.03216
   14.26000  -158.09585
   14.28000  -158.01589
   14.30000  -157.82698
   14.32000  -157.55643
   14.34000  -157.25066
   14.36000  -156.96941
   14.38000  -156.75666
   14.40000  -156.63665
   14.42000  -156.63335
   14.44000  -156.77211
   14.46000  -157.07476
   14.48000  -157.55175
   14.50000  -158.21169
   14.52000  -159.07954
   14.54000  -160.18726
   14.56000  -161.55799
   14.58000  -163.20451
   14.60000  -165.13315
   14.62000  -167.34480
   14.64000  -169.84068
   14.66000  -172.62025
   14.68000  -175.67725
   14.70000  -178.99481
   14.72000  -182.55185
   14.74000  -186.33386
   14.76000  -190.33348
   14.78000  -194.54649
   14.80000  -198.96173
   14.82000  -203.56178
   14.84000  -208.32990
   14.86000  -213.25070
   14.88000  -218.29255
   14.90000  -223.38793
   14.92000  -228.45447
   14.94000  -233.42870
   14.96000  -238.26921
   14.98000  -242.93728
   15.00000  -247.39153
   15.02000  -251.59014
   15.04000  -255.48288
   15.06000  -259.02393
   15.08000  -262.16865
   15.10000  -264.86943
   15.12000  -267.06966
   15.14000  -268.69885
   15.16000  -269.67293
   15.18000  -269.89630
   15.20000  -269.29189
   15.22000  -267.83657
   15.24000  -265.57441
   15.26000  -262.58450
   15.28000  -258.91777
   15.30000  -254.59040
   15.32000  -249.63700
   15.34000  -244.12831
   15.36000  -238.13441
   15.38000  -231.69172
   15.40000  -224.81856
   15.42000  -217.54061
   15.44000  -209.89439
   15.46000  -201.91113
   15.48000  -193.60949
   15.50000  -185.00293
   15.52000  -176.10651
   15.54000  -166.94110
   15.56000  -157.53646
   15.58000  -147.92181
   15.60000  -138.12031
   15.62000  -128.15639
   15.64000  -118.05714
   15.66000  -107.85705
   15.68000   -97.60257
   15.70000   -87.35058
   15.72000   -77.16338
   15.74000   -67.10144
   15.76000   -57.21361
   15.78000   -47.53350
   15.80000   -38.09159
   15.82000   -28.92082
   15.84000   -20.05234
   15.86000   -11.51053
   15.88000    -3.30919
   15.90000     4.57057
   15.92000    12.18292
   15.94000    19.57688
   15.96000    26.76634
   15.98000    33.74955
   16.00000    40.53453
   16.02000    47.12925
   16.04000    53.51398
   16.06000    59.64443
   16.08000    65.48637
   16.10000    71.02722
   16.12000    76.26853
   16.14000    81.21925
   16.16000    85.90501
   16.18000    90.36903
   16.20000    94.65465
   16.22000    98.78570
   16.24000   102.76709
   16.26000   106.59848
   16.28000   110.27955
   16.30000   113.80956
   16.32000   117.17934
   16.34000   120.37530
   16.36000   123.39307
   16.38000   126.23872
   16.40000   128.92813
   16.42000   131.48831
   16.44000   133.94766
   16.46000   136.32726
   16.48000   138.64071
   16.50000   140.90192
   16.52000   143.12271
   16.54000   145.30211
   16.56000   147.43172
   16.58000   149.49838
   16.60000   151.48740
   16.62000   153.38818
   16.64000   155.19182
   16.66000   156.89320
   16.68000   158.49159
   16.70000   159.98294
   16.72000   161.36238
   16.74000   162.62631
   16.76000   163.76824
   16.78000   164.77856
   16.80000   165.64923
   16.82000   166.37438
   16.84000   166.94378
   16.86000   167.34169
   16.88000   167.55940
   16.90000   167.60359
   16.92000   167.48274
   16.94000   167.20084
   16.96000   166.76210
   16.98000   166.17275
   17.00000   165.43962
   17.02000   164.56911
   17.04000   163.56311
   17.06000   162.41860
   17.08000   161.12743
   17.10000   159.67955
   17.12000   158.06823
   17.14000   156.28527
   17.16000   154.32895
   17.18000   152.20794
   17.20000   149.93584
   17.22000   147.53028
   17.24000   145.01809
   17.26000   142.42672
   17.28000   139.76154
   17.30000   137.00571
   17.32000   134.14764
   17.34000   131.18572
   17.36000   128.10790
   17.38000   124.89300
   17.40000   121.52849
   17.42000   118.01256
   17.44000   114.35139
   17.46000   110.55964
   17.48000   106.64946
   17.50000   102.62124
   17.52000    98.47759
   17.54000    94.23146
   17.56000    89.89383
   17.58000    85.46783
   17.60000    80.95420
   17.62000    76.35568
   17.64000    71.68192
   17.66000    66.94798
   17.68000    62.16847
   17.70000    57.35742
   17.72000    52.52782
   17.74000    47.69128
   17.76000    42.86440
   17.78000    38.06718
   17.80000    33.31360
   17.82000    28.60721
   17.84000    23.94746
   17.86000    19.33844
   17.88000    14.78951
   17.90000    10.30532
   17.92000     5.89177
   17.94000     1.56504
   17.96000    -2.65575
   17.98000    -6.76342
   18.00000   -10.75196
   18.02000   -14.60428
   18.04000   -18.30285
   18.06000   -21.83908
   18.08000   -25.20961
   18.10000   -28.40827
   18.12000   -31.42743
   18.14000   -34.26053
   18.16000   -36.90500
   18.18000   -39.35473
   18.20000   -41.59576
   18.22000   -43.60819
   18.24000   -45.37472
   18.26000   -46.88654
   18.28000   -48.13435
   18.30000   -49.09973
   18.32000   -49.76335
   18.34000   -50.11960
   18.36000   -50.16705
   18.38000   -49.89412
   18.40000   -49.29428
   18.42000   -48.38396
   18.44000   -47.19745
   18.46000   -45.77761
   18.48000   -44.16817
   18.50000   -42.40221
   18.52000   -40.49532
   18.54000   -38.45482
   18.56000   -36.28030
   18.58000   -33.96073
   18.60000   -31.48388
   18.62000   -28.84868
   18.64000   -26.06678
   18.66000   -23.15393
   18.68000   -20.12037
   18.70000   -16.97113
   18.72000   -13.71221
   18.74000   -10.35388
   18.76000    -6.90478
   18.78000    -3.37257
   18.80000     0.22714
   18.82000     3.87024
   18.84000     7.53230
   18.86000    11.19124
   18.88000    14.82802
   18.90000    18.42669
   18.92000    21.97911
   18.94000    25.48091
   18.96000    28.92655
   18.98000    32.31013
   19.00000    35.62883
   19.02000    38.88399
   19.04000    42.07675
   19.06000    45.20274
   19.08000    48.25456
   19.10000    51.21765
   19.12000    54.07072
   19.14000    56.78619
   19.16000    59.33385
   19.18000    61.69040
   19.20000    63.84061
   19.22000    65.77602
   19.24000    67.50220
   19.26000    69.04269
   19.28000    70.42414
   19.30000    71.66201
   19.32000    72.77079
   19.34000    73.77502
   19.36000    74.70396
   19.38000    75.57457
   19.40000    76.38535
   19.42000    77.12934
   19.44000    77.80295
   19.46000    78.40788
   19.48000    78.94704
   19.50000    79.42169
   19.52000    79.83354
   19.54000    80.18518
   19.56000    80.47720
   19.58000    80.70492
   19.60000    80.86093
   19.62000    80.94017
   19.64000    80.94613
   19.66000    80.88815
   19.68000    80.77697
   19.70000    80.62512
   19.72000    80.45385
   19.74000    80.29046
   19.76000    80.16195
   19.78000    80.09471
   19.80000    80.11133
   19.82000    80.21876
   19.84000    80.40092
   19.86000    80.63316
   19.88000    80.90538
   19.90000    81.22127
   19.92000    81.58189
   19.94000    81.97903
   19.96000    82.39507
   19.98000    82.80377
   20.00000    83.17628
   20.02000    83.48726
   20.04000    83.71399
   20.06000    83.83767
   20.08000    83.85076
   20.10000    83.76069
   20.12000    83.57492
   20.14000    83.29190
   20.16000    82.90946
   20.18000    82.42893
   20.20000    81.84818
   20.22000    81.15564
   20.24000    80.33701
   20.26000    79.38114
   20.28000    78.27405
   20.30000    76.99747
   20.32000    75.53155
   20.34000    73.85802
   20.36000    71.95895
   20.38000    69.81626
   20.40000    67.41274
   20.42000    64.73690
   20.44000    61.79498
   20.46000    58.60961
   20.48000    55.20856
   20.50000    51.61330
   20.52000    47.84039
   20.54000    43.90660
   20.56000    39.83157
   20.58000    35.63907
   20.60000    31.35349
   20.62000    26.99687
   20.64000    22.58725
   20.66000    18.14065
   20.68000    13.67409
   20.70000     9.20482
   20.72000     4.74824
   20.74000     0.31510
   20.76000    -4.08616
   20.78000    -8.44606
   20.80000   -12.75072
   20.82000   -16.98539
   20.84000   -21.13409
   20.86000   -25.18294
   20.88000   -29.12183
   20.90000   -32.94114
   20.92000   -36.62964
   20.94000   -40.17745
   20.96000   -43.57800
   20.98000   -46.82687
   21.00000   -49.91845
   21.02000   -52.84592
   21.04000   -55.60471
   21.06000   -58.19221
   21.08000   -60.60520
   21.10000   -62.83734
   21.12000   -64.88229
   21.14000   -66.73781
   21.16000   -68.40567
   21.18000   -69.89153
   21.20000   -71.20815
   21.22000   -72.37611
   21.24000   -73.42105
   21.26000   -74.36594
   21.28000   -75.22480
   21.30000   -76.00306
   21.32000   -76.70553
   21.34000   -77.33851
   21.36000   -77.90558
   21.38000   -78.40381
   21.40000   -78.82865
   21.42000   -79.17560
   21.44000   -79.43849
   21.46000   -79.60724
   21.48000   -79.67484
   21.50000   -79.64447
   21.52000   -79.52575
   21.54000   -79.32671
   21.56000   -79.05466
   21.58000   -78.71710
   21.60000   -78.31496
   21.62000   -77.84067
   21.64000   -77.28930
   21.66000   -76.66436
   21.68000   -75.96714
   21.70000   -75.19226
   21.72000   -74.33472
   21.74000   -73.39182
   21.76000   -72.35922
   21.78000   -71.23425
   21.80000   -70.01907
   21.82000   -68.71951
   21.84000   -67.34479
   21.86000   -65.90637
   21.88000   -64.41508
   21.90000   -62.88231
   21.92000   -61.31891
   21.94000   -59.72811
   21.96000   -58.10804
   21.98000   -56.45877
   22.00000   -54.78243
   22.02000   -53.07963
   22.04000   -51.35273
   22.06000   -49.60519
   22.08000   -47.83910
   22.10000   -46.05787
   22.12000   -44.26722
   22.14000   -42.47331
   22.16000   -40.68225
   22.18000   -38.89942
   22.20000   -37.12961
   22.22000   -35.37645
   22.24000   -33.64356
   22.26000   -31.93599
   22.28000   -30.26093
   22.30000   -28.62781
   22.32000   -27.04567
   22.34000   -25.52184
   22.36000   -24.06745
   22.38000   -22.69732
   22.40000   -21.42643
   22.42000   -20.26953
   22.44000   -19.24251
   22.46000   -18.35920
   22.48000   -17.62889
   22.50000   -17.05686
   22.52000   -16.64459
   22.54000   -16.38675
   22.56000   -16.26861
   22.58000   -16.26941
   22.60000   -16.37106
   22.62000   -16.55945
   22.64000   -16.82457
   22.66000   -17.16080
   22.68000   -17.56389
   22.70000   -18.02866
   22.72000   -18.54756
   22.74000   -19.11140
   22.76000   -19.71140
   22.78000   -20.34109
   22.80000   -20.99725
   22.82000   -21.67769
   22.84000   -22.37997
   22.86000   -23.10243
   22.88000   -23.84365
   22.90000   -24.60288
   22.92000   -25.37791
   22.94000   -26.16566
   22.96000   -26.96370
   22.98000   -27.76949
   23.00000   -28.58003
   23.02000   -29.39286
   23.04000   -30.20769
   23.06000   -31.02487
   23.08000   -31.84307
   23.10000   -32.65598
   23.12000   -33.45369
   23.14000   -34.22985
   23.16000   -34.98309
   23.18000   -35.71119
   23.20000   -36.41157
   23.22000   -37.08335
   23.24000   -37.72744
   23.26000   -38.34485
   23.28000   -38.93911
   23.30000   -39.52164
   23.32000   -40.10913
   23.34000   -40.71858
   23.36000   -41.36616
   23.38000   -42.06891
   23.40000   -42.83862
   23.42000   -43.67686
   23.44000   -44.58014
   23.46000   -45.54619
   23.48000   -46.57376
   23.50000   -47.65810
   23.52000   -48.79173
   23.54000   -49.97125
   23.56000   -51.19704
   23.58000   -52.47037
   23.60000   -53.79374
   23.62000   -55.17304
   23.64000   -56.61616
   23.66000   -58.12942
   23.68000   -59.71398
   23.70000   -61.36522
   23.72000   -63.07630
   23.74000   -64.84143
   23.76000   -66.65548
   23.78000   -68.51065
   23.80000   -70.39703
   23.82000   -72.30458
   23.84000   -74.22790
   23.86000   -76.16455
   23.88000   -78.10924
   23.90000   -80.05385
   23.92000   -81.98598
   23.94000   -83.88487
   23.96000   -85.72424
   23.98000   -87.48088
   24.00000   -89.13393
   24.02000   -90.66595
   24.04000   -92.06529
   24.06000   -93.32456
   24.08000   -94.43677
   24.10000   -95.39628
   24.12000   -96.19840
   24.14000   -96.83505
   24.16000   -97.29586
   24.18000   -97.56977
   24.20000   -97.64568
   24.22000   -97.51434
   24.24000   -97.17048
   24.26000   -96.61461
   24.28000   -95.85428
   24.30000   -94.89965
   24.32000   -93.75998
   24.34000   -92.44496
   24.36000   -90.96641
   24.38000   -89.33572
   24.40000   -87.56146
   24.42000   -85.64970
   24.44000   -83.60555
   24.46000   -81.43651
   24.48000   -79.15466
   24.50000   -76.77593
   24.52000   -74.31784
   24.54000   -71.79407
   24.56000   -69.21221
   24.58000   -66.57767
   24.60000   -63.89788
   24.62000   -61.18242
   24.64000   -58.44291
   24.66000   -55.69226
   24.68000   -52.94356
   24.70000   -50.20702
   24.72000   -47.48847
   24.74000   -44.79177
   24.76000   -42.11979
   24.78000   -39.47692
   24.80000   -36.87145
   24.82000   -34.31164
   24.84000   -31.80583
   24.86000   -29.36703
   24.88000   -27.01302
   24.90000   -24.76338
   24.92000   -22.63447
   24.94000   -20.63593
   24.96000   -18.76725
   24.98000   -17.02146
   25.00000   -15.39034
   25.02000   -13.86205
   25.04000   -12.42146
   25.06000   -11.05765
   25.08000    -9.76517
   25.10000    -8.53365
   25.12000    -7.34421
   25.14000    -6.18044
   25.16000    -5.03637
   25.18000    -3.91265
   25.20000    -2.81145
   25.22000    -1.73521
   25.24000    -0.68438
   25.26000     0.34315
   25.28000     1.35305
   25.30000     2.35363
   25.32000     3.35133
   25.34000     4.35036
   25.36000     5.35544
   25.38000     6.36966
   25.40000     7.39089
   25.42000     8.41259
   25.44000     9.42632
   25.46000    10.42594
   25.48000    11.40905
   25.50000    12.37755
   25.52000    13.34006
   25.54000    14.30876
   25.56000    15.29464
   25.58000    16.30756
   25.60000    17.35568
   25.62000    18.44200
   25.64000    19.56387
   25.66000    20.71639
   25.68000    21.89750
   25.70000    23.10287
   25.72000    24.32320
   25.74000    25.54778
   25.76000    26.76744
   25.78000    27.97394
   25.80000    29.16053
   25.82000    30.32133
   25.84000    31.44989
   25.86000    32.54078
   25.88000    33.58841
   25.90000    34.58780
   25.92000    35.53733
   25.94000    36.43673
   25.96000    37.28108
   25.98000    38.06221
   26.00000    38.77445
   26.02000    39.41048
   26.04000    39.95888
   26.06000    40.40959
   26.08000    40.75363
   26.10000    40.98003
   26.12000    41.07963
   26.14000    41.04684
   26.16000    40.88115
   26.18000    40.58614
   26.20000    40.16500
   26.22000    39.62108
   26.24000    38.96127
   26.26000    38.19251
   26.28000    37.31908
   26.30000    36.34619
   26.32000    35.28173
   26.34000    34.13179
   26.36000    32.90261
   26.38000    31.60407
   26.40000    30.24460
   26.42000    28.82601
   26.44000    27.34746
   26.46000    25.81086
   26.48000    24.22307
   26.50000    22.59262
   26.52000    20.92835
   26.54000    19.24040
   26.56000    17.53920
   26.58000    15.83044
   26.60000    14.11528
   26.62000    12.39385
   26.64000    10.66765
   26.66000     8.93938
   26.68000     7.21486
   26.70000     5.50659
   26.72000     3.83149
   26.74000     2.20724
   26.76000     0.64884
   26.78000    -0.83227
   26.80000    -2.22677
   26.82000    -3.52787
   26.84000    -4.73013
   26.86000    -5.82546
   26.88000    -6.80439
   26.90000    -7.66302
   26.92000    -8.40392
   26.94000    -9.02960
   26.96000    -9.54086
   26.98000    -9.93746
   27.00000   -10.21813
   27.02000   -10.38151
   27.04000   -10.42444
   27.06000   -10.34685
   27.08000   -10.15276
   27.10000    -9.84559
   27.12000    -9.42718
   27.14000    -8.90023
   27.16000    -8.26566
   27.18000    -7.52292
   27.20000    -6.67117
   27.22000    -5.71202
   27.24000    -4.65026
   27.26000    -3.49296
   27.28000    -2.24872
   27.30000    -0.92942
   27.32000     0.45367
   27.34000     1.89313
   27.36000     3.38248
   27.38000     4.91104
   27.40000     6.46508
   27.42000     8.03247
   27.44000     9.60015
   27.46000    11.14966
   27.48000    12.66265
   27.50000    14.12752
   27.52000    15.54133
   27.54000    16.90472
   27.56000    18.22024
   27.58000    19.49277
   27.60000    20.72701
   27.62000    21.92269
   27.64000    23.07463
   27.66000    24.17802
   27.68000    25.23237
   27.70000    26.24063
   27.72000    27.20681
   27.74000    28.13517
   27.76000    29.03267
   27.78000    29.90857
   27.80000    30.77316
   27.82000    31.63640
   27.84000    32.50782
   27.86000    33.39381
   27.88000    34.29623
   27.90000    35.21514
   27.92000    36.15097
   27.94000    37.10562
   27.96000    38.08104
   27.98000    39.07834
   28.00000    40.09796
   28.02000    41.14058
   28.04000    42.20871
   28.06000    43.30514
   28.08000    44.42956
   28.10000    45.58077
   28.12000    46.75768
   28.14000    47.95891
   28.16000    49.18479
   28.18000    50.44004
   28.20000    51.73212
   28.22000    53.06350
   28.24000    54.43292
   28.26000    55.84020
   28.28000    57.28485
   28.30000    58.76335
   28.32000    60.27133
   28.34000    61.79828
   28.36000    63.32787
   28.38000    64.84619
   28.40000    66.34410
   28.42000    67.81559
   28.44000    69.25710
   28.46000    70.66454
   28.48000    72.03272
   28.50000    73.35577
   28.52000    74.62872
   28.54000    75.84798
   28.56000    77.01077
   28.58000    78.11121
   28.60000    79.13924
   28.62000    80.08360
   28.64000    80.93697
   28.66000    81.69584
   28.68000    82.35624
   28.70000    82.91078
   28.72000    83.35039
   28.74000    83.66435
   28.76000    83.83851
   28.78000    83.85705
   28.80000    83.71203
   28.82000    83.40018
   28.84000    82.91882
   28.86000    82.27094
   28.88000    81.46812
   28.90000    80.52307
   28.92000    79.44559
   28.94000    78.24456
   28.96000    76.92801
   28.98000    75.50229
   29.00000    73.97572
   29.02000    72.36181
   29.04000    70.67704
   29.06000    68.93672
   29.08000    67.15337
   29.10000    65.33863
   29.12000    63.50168
   29.14000    61.64894
   29.16000    59.78259
   29.18000    57.90432
   29.20000    56.01987
   29.22000    54.13605
   29.24000    52.25613
   29.26000    50.38265
   29.28000    48.52144
   29.30000    46.67864
   29.32000    44.85823
   29.34000    43.06484
   29.36000    41.30634
   29.38000    39.58966
   29.40000    37.91682
   29.42000    36.28923
   29.44000    34.71038
   29.46000    33.18130
   29.48000    31.69871
   29.50000    30.25876
   29.52000    28.85841
   29.54000    27.49239
   29.56000    26.15372
   29.58000    24.83741
   29.60000    23.53823
   29.62000    22.24937
   29.64000    20.96712
   29.66000    19.69198
   29.68000    18.42362
   29.70000    17.15388
   29.72000    15.86968
   29.74000    14.55974
   29.76000    13.21564
   29.78000    11.82992
   29.80000    10.39594
   29.82000     8.91099
   29.84000     7.37809
   29.86000     5.80242
   29.88000     4.18801
   29.90000     2.53770
   29.92000     0.85652
   29.94000    -0.84724
   29.96000    -2.56043
   29.98000    -4.26483
   30.00000    -5.94223
   30.02000    -7.58145
   30.04000    -9.17972
   30.06000   -10.73737
   30.08000   -12.25152
   30.10000   -13.71483
   30.12000   -15.12132
   30.14000   -16.46936
   30.16000   -17.75653
   30.18000   -18.97790
   30.20000   -20.13062
   30.22000   -21.21601
   30.24000   -22.23459
   30.26000   -23.18469
   30.28000   -24.06537
   30.30000   -24.87545
   30.32000   -25.61049
   30.34000   -26.26652
   30.36000   -26.84274
   30.38000   -27.33821
   30.40000   -27.75082
   30.42000   -28.07964
   30.44000   -28.32532
   30.46000   -28.48838
   30.48000   -28.57128
   30.50000   -28.58021
   30.52000   -28.52037
   30.54000   -28.39219
   30.56000   -28.19633
   30.58000   -27.94045
   30.60000   -27.63408
   30.62000   -27.28238
   30.64000   -26.88887
   30.66000   -26.45872
   30.68000   -25.99934
   30.70000   -25.51946
   30.72000   -25.02505
   30.74000   -24.51751
   30.76000   -23.99727
   30.78000   -23.46723
   30.80000   -22.93115
   30.82000   -22.39451
   30.84000   -21.86362
   30.86000   -21.34432
   30.88000   -20.84371
   30.90000   -20.36969
   30.92000   -19.92576
   30.94000   -19.51162
   30.96000   -19.12859
   30.98000   -18.77859
   31.00000   -18.46089
   31.02000   -18.17309
   31.04000   -17.91480
   31.06000   -17.68606
   31.08000   -17.48526
   31.10000   -17.31046
   31.12000   -17.16157
   31.14000   -17.03716
   31.16000   -16.93446
   31.18000   -16.85185
   31.20000   -16.78615
   31.22000   -16.73078
   31.24000   -16.67878
   31.26000   -16.62377
   31.28000   -16.55929
   31.30000   -16.47901
   31.32000   -16.37835
   31.34000   -16.25684
   31.36000   -16.11848
   31.38000   -15.96993
   31.40000   -15.81711
   31.42000   -15.66377
   31.44000   -15.51060
   31.46000   -15.35602
   31.48000   -15.19615
   31.50000   -15.02720
   31.52000   -14.84543
   31.54000   -14.64867
   31.56000   -14.43880
   31.58000   -14.22036
   31.60000   -13.99927
   31.62000   -13.78312
   31.64000   -13.57976
   31.66000   -13.39417
   31.68000   -13.22954
   31.70000   -13.08948
   31.72000   -12.97858
   31.74000   -12.90169
   31.76000   -12.86197
   31.78000   -12.86317
   31.80000   -12.91299
   31.82000   -13.02133
   31.84000   -13.19565
   31.86000   -13.43932
   31.88000   -13.75443
   31.90000   -14.14278
   31.92000   -14.60427
   31.94000   -15.13646
   31.96000   -15.73445
   31.98000   -16.39217
   32.00000   -17.10287
   32.02000   -17.85938
   32.04000   -18.65562
   32.06000   -19.48740
   32.08000   -20.35205
   32.10000   -21.24975
   32.12000   -22.18272
   32.14000   -23.15055
   32.16000   -24.14769
   32.18000   -25.16682
   32.20000   -26.20379
   32.22000   -27.25369
   32.24000   -28.30788
   32.26000   -29.35735
   32.28000   -30.39481
   32.30000   -31.41341
   32.32000   -32.40597
   32.34000   -33.36725
   32.36000   -34.29560
   32.38000   -35.19001
   32.40000   -36.04655
   32.42000   -36.85819
   32.44000   -37.61659
   32.46000   -38.31489
   32.48000   -38.94879
   32.50000   -39.51712
   32.52000   -40.02082
   32.54000   -40.45990
   32.56000   -40.83379
   32.58000   -41.14270
   32.60000   -41.38924
   32.62000   -41.57874
   32.64000   -41.71781
   32.66000   -41.81217
   32.68000   -41.86626
   32.70000   -41.88198
   32.72000   -41.86007
   32.74000   -41.80214
   32.76000   -41.71050
   32.78000   -41.58710
   32.80000   -41.43500
   32.82000   -41.26133
   32.84000   -41.07529
   32.86000   -40.88518
   32.88000   -40.69977
   32.90000   -40.53339
   32.92000   -40.40370
   32.94000   -40.32820
   32.96000   -40.32551
   32.98000   -40.41367
   33.00000   -40.60641
   33.02000   -40.90795
   33.04000   -41.31162
   33.06000   -41.80196
   33.08000   -42.36129
   33.10000   -42.97474
   33.12000   -43.63129
   33.14000   -44.32460
   33.16000   -45.05094
   33.18000   -45.80250
   33.20000   -46.56670
   33.22000   -47.33051
   33.24000   -48.08376
   33.26000   -48.81812
   33.28000   -49.52593
   33.30000   -50.19903
   33.32000   -50.83052
   33.34000   -51.41486
   33.36000   -51.94596
   33.38000   -52.41741
   33.40000   -52.82441
   33.42000   -53.16503
   33.44000   -53.43855
   33.46000   -53.64441
   33.48000   -53.78076
   33.50000   -53.84210
   33.52000   -53.81969
   33.54000   -53.70393
   33.56000   -53.48463
   33.58000   -53.15207
   33.60000   -52.69950
   33.62000   -52.12509
   33.64000   -51.42910
   33.66000   -50.61319
   33.68000   -49.68171
   33.70000   -48.64279
   33.72000   -47.50497
   33.74000   -46.27472
   33.76000   -44.95908
   33.78000   -43.56758
   33.80000   -42.11354
   33.82000   -40.61266
   33.84000   -39.07900
   33.86000   -37.52397
   33.88000   -35.95666
   33.90000   -34.38469
   33.92000   -32.81402
   33.94000   -31.24936
   33.96000   -29.69560
   33.98000   -28.15819
   34.00000   -26.64306
   34.02000   -25.15677
   34.04000   -23.70740
   34.06000   -22.30496
   34.08000   -20.95881
   34.10000   -19.67643
   34.12000   -18.46434
   34.14000   -17.32925
   34.16000   -16.27698
   34.18000   -15.31115
   34.20000   -14.43375
   34.22000   -13.64631
   34.24000   -12.95021
   34.26000   -12.34698
   34.28000   -11.83524
   34.30000   -11.40906
   34.32000   -11.06110
   34.34000   -10.78418
   34.36000   -10.56831
   34.38000   -10.40039
   34.40000   -10.26867
   34.42000   -10.16702
   34.44000   -10.09383
   34.46000   -10.05065
   34.48000   -10.03891
   34.50000   -10.05823
   34.52000   -10.10715
   34.54000   -10.18227
   34.56000   -10.27497
   34.58000   -10.37218
   34.60000   -10.45885
   34.62000   -10.52109
   34.64000   -10.54869
   34.66000   -10.53579
   34.68000   -10.47993
   34.70000   -10.37854
   34.72000   -10.22901
   34.74000   -10.03100
   34.76000    -9.78820
   34.78000    -9.50869
   34.80000    -9.20089
   34.82000    -8.86717
   34.84000    -8.50668
   34.86000    -8.12072
   34.88000    -7.71428
   34.90000    -7.29237
   34.92000    -6.84954
   34.94000    -6.38730
   34.96000    -5.91632
   34.98000    -5.44219
   35.00000    -4.95954
   35.02000    -4.46710
   35.04000    -3.97269
   35.06000    -3.47858
   35.08000    -2.98308
   35.10000    -2.49431
   35.12000    -2.02315
   35.14000    -1.57574
   35.16000    -1.15636
   35.18000    -0.77196
   35.20000    -0.42622
   35.22000    -0.11834
   35.24000     0.15035
   35.26000     0.37458
   35.28000     0.55186
   35.30000     0.68238
   35.32000     0.76468
   35.34000     0.79614
   35.36000     0.77831
   35.38000     0.71289
   35.40000     0.59891
   35.42000     0.43349
   35.44000     0.21577
   35.46000    -0.05489
   35.48000    -0.37738
   35.50000    -0.74956
   35.52000    -1.16669
   35.54000    -1.62223
   35.56000    -2.11225
   35.58000    -2.63242
   35.60000    -3.17522
   35.62000    -3.73251
   35.64000    -4.29740
   35.66000    -4.86300
   35.68000    -5.42248
   35.70000    -5.97083
   35.72000    -6.50534
   35.74000    -7.02617
   35.76000    -7.53369
   35.78000    -8.02764
   35.80000    -8.50549
   35.82000    -8.96614
   35.84000    -9.41164
   35.86000    -9.83752
   35.88000   -10.23013
   35.90000   -10.58309
   35.92000   -10.89226
   35.94000   -11.14834
   35.96000   -11.34091
   35.98000   -11.46531
   36.00000   -11.52036
   36.02000   -11.50224
   36.04000   -11.40715
   36.06000   -11.23917
   36.08000   -11.00509
   36.10000   -10.70561
   36.12000   -10.33910
   36.14000    -9.90780
   36.16000    -9.41786
   36.18000    -8.87245
   36.20000    -8.26917
   36.22000    -7.60819
   36.24000    -6.89367
   36.26000    -6.12688
   36.28000    -5.30883
   36.30000    -4.44345
   36.32000    -3.53511
   36.34000    -2.58874
   36.36000    -1.60909
   36.38000    -0.59635
   36.40000     0.44888
   36.42000     1.52127
   36.44000     2.61876
   36.46000     3.74567
   36.48000     4.90174
   36.50000     6.07914
   36.52000     7.27444
   36.54000     8.49256
   36.56000     9.73527
   36.58000    10.99446
   36.60000    12.26306
   36.62000    13.53838
   36.64000    14.81613
   36.66000    16.08931
   36.68000    17.34963
   36.70000    18.58953
   36.72000    19.80480
   36.74000    20.99496
   36.76000    22.15815
   36.78000    23.28722
   36.80000    24.37112
   36.82000    25.39678
   36.84000    26.35241
   36.86000    27.22946
   36.88000    28.02277
   36.90000    28.73500
   36.92000    29.37879
   36.94000    29.96804
   36.96000    30.50960
   36.98000    31.00303
   37.00000    31.44597
   37.02000    31.83767
   37.04000    32.17926
   37.06000    32.47464
   37.08000    32.73323
   37.10000    32.96588
   37.12000    33.18050
   37.14000    33.38335
   37.16000    33.57895
   37.18000    33.77089
   37.20000    33.96256
   37.22000    34.15508
   37.24000    34.34736
   37.26000    34.54258
   37.28000    34.74797
   37.30000    34.97071
   37.32000    35.21395
   37.34000    35.47637
   37.36000    35.75473
   37.38000    36.04705
   37.40000    36.35346
   37.42000    36.67686
   37.44000    37.02073
   37.46000    37.38503
   37.48000    37.76727
   37.50000    38.16376
   37.52000    38.56858
   37.54000    38.97357
   37.56000    39.36995
   37.58000    39.75015
   37.60000    40.10768
   37.62000    40.43431
   37.64000    40.72095
   37.66000    40.95906
   37.68000    41.14170
   37.70000    41.26179
   37.72000    41.31275
   37.74000    41.28939
   37.76000    41.18987
   37.78000    41.01767
   37.80000    40.78097
   37.82000    40.49102
   37.84000    40.16021
   37.86000    39.79882
   37.88000    39.41330
   37.90000    39.00732
   37.92000    38.58427
   37.94000    38.14770
   37.96000    37.70067
   37.98000    37.24549
   38.00000    36.78452
   38.02000    36.31954
   38.04000    35.85186
   38.06000    35.38380
   38.08000    34.91932
   38.10000    34.46077
   38.12000    34.00852
   38.14000    33.56289
   38.16000    33.12474
   38.18000    32.69538
   38.20000    32.27593
   38.22000    31.86932
   38.24000    31.48019
   38.26000    31.11098
   38.28000    30.76204
   38.30000    30.43511
   38.32000    30.13095
   38.34000    29.84522
   38.36000    29.57163
   38.38000    29.30471
   38.40000    29.03854
   38.42000    28.76715
   38.44000    28.48765
   38.46000    28.19837
   38.48000    27.89750
   38.50000    27.58468
   38.52000    27.26095
   38.54000    26.92648
   38.56000    26.57980
   38.58000    26.22115
   38.60000    25.85362
   38.62000    25.47981
   38.64000    25.10018
   38.66000    24.71431
   38.68000    24.32215
   38.70000    23.92426
   38.72000    23.52273
   38.74000    23.11865
   38.76000    22.70875
   38.78000    22.28769
   38.80000    21.85039
   38.82000    21.39075
   38.84000    20.90334
   38.86000    20.38513
   38.88000    19.83427
   38.90000    19.24915
   38.92000    18.63147
   38.94000    17.98839
   38.96000    17.33005
   38.98000    16.66617
   39.00000    16.00576
   39.02000    15.35717
   39.04000    14.72678
   39.06000    14.11996
   39.08000    13.54220
   39.10000    12.99720
   39.12000    12.48630
   39.14000    12.01081
   39.16000    11.57127
   39.18000    11.16615
   39.20000    10.79482
   39.22000    10.45963
   39.24000    10.16485
   39.26000     9.91430
   39.28000     9.71074
   39.30000     9.55531
   39.32000     9.44617
   39.34000     9.37898
   39.36000     9.35021
   39.38000     9.35611
   39.40000     9.39223
   39.42000     9.45657
   39.44000     9.54812
   39.46000     9.66203
   39.48000     9.79113
   39.50000     9.93241
   39.52000    10.08400
   39.54000    10.24183
   39.56000    10.40322
   39.58000    10.56719
   39.60000    10.73139
   39.62000    10.89108
   39.64000    11.04323
   39.66000    11.18470
   39.68000    11.31107
   39.70000    11.41955
   39.72000    11.50879
   39.74000    11.57656
   39.76000    11.61969
   39.78000    11.63811
   39.80000    11.63402
   39.82000    11.61039
   39.84000    11.57149
   39.86000    11.52135
   39.88000    11.46065
   39.90000    11.38743
   39.92000    11.29905
   39.94000    11.19181
   39.96000    11.06104
   39.98000    10.90110
   40.00000    10.70685
   40.02000    10.47494
   40.04000    10.20423
   40.06000     9.89692
   40.08000     9.55657
   40.10000     9.18391
   40.12000     8.77807
   40.14000     8.34133
   40.16000     7.87725
   40.18000     7.38703
   40.20000     6.87170
   40.22000     6.33347
   40.24000     5.77516
   40.26000     5.19829
   40.28000     4.60222
   40.30000     3.98463
   40.32000     3.34384
   40.34000     2.67846
   40.36000     1.98527
   40.38000     1.26205
   40.40000     0.51138
   40.42000    -0.26175
   40.44000    -1.05207
   40.46000    -1.85232
   40.48000    -2.65427
   40.50000    -3.45262
   40.52000    -4.24349
   40.54000    -5.02289
   40.56000    -5.78774
   40.58000    -6.53585
   40.60000    -7.26380
   40.62000    -7.96848
   40.64000    -8.64768
   40.66000    -9.29948
   40.68000    -9.92169
   40.70000   -10.51236
   40.72000   -11.06973
   40.74000   -11.59314
   40.76000   -12.08275
   40.78000   -12.53780
   40.80000   -12.95617
   40.82000   -13.33706
   40.84000   -13.68119
   40.86000   -13.98828
   40.88000   -14.25857
   40.90000   -14.49583
   40.92000   -14.70707
   40.94000   -14.90176
   40.96000   -15.09295
